temp <-
structure(list(J48 = c(16, 0, 28, 23, 0, 0, 0, 0, 0, 0, 0, 1, 
0, 0, 0, 0, 0, 0, 0, 0, 0, 0, 0, 20, 0, 0, 0, 0, 0, 0, 0, 27, 
0, 0, 17, 15, 0, 0, 0, 0, 0, 0, 0, 0, 0, 0, 29, 0, 0, 0, 0, 0, 
0, 0, 0, 0, 0, 1, 0, 0, 0, 0, 0, 0, 0, 0, 0, 25, 0, 0, 26, 0, 
0, 16, 0, 0, 0, 22, 18, 0, 4, 9, 2, 8, 1, 1, 1, 0, 0, 2, 2, 11, 
30, 5, 4, 0, 0, 7, 3, 8, 0, 0, 24, 18, 1, 0, 23, 20, 0, 9, 2, 
6, 21, 0, 12, 2, 1, 29, 24, 2, 5, 5, 0, 7, 0, 7, 2, 1, 8, 6, 
2, 0, 0, 0, 6, 3, 1, 12, 0, 2, 7, 1, 0, 0, 9, 0, 2, 5, 4, 3, 
0, 0, 0, 4, 1, 3, 1, 0, 0, 2, 7, 0, 2, 12, 5, 0, 3, 24, 29, 3, 
0, 3, 2, 0, 0, 2, 6, 18, 2, 28, 1, 20, 7, 12, 1, 6, 6, 0, 2, 
2, 1, 0, 30, 0, 0, 5, 11, 2, 10, 5, 8, 0, 4, 0, 0, 0, 3, 10, 
2, 0, 6, 1, 12, 8, 1, 8, 3, 4, 22, 0, 0, 0, 3, 5, 4, 4, 0, 0, 
0, 2, 15, 12, 5, 30, 26, 8, 0, 1, 0, 0, 0, 25, 3, 0, 0, 0, 0, 
3, 7, 2), NB = c(30, 0, 0, 0, 0, 0, 0, 0, 5, 0, 0, 30, 0, 0, 
0, 0, 3, 0, 0, 0, 30, 30, 0, 7, 0, 0, 0, 0, 0, 0, 0, 0, 0, 0, 
30, 0, 0, 0, 0, 0, 0, 28, 0, 0, 0, 0, 0, 30, 0, 0, 0, 0, 0, 0, 
0, 0, 0, 30, 0, 0, 26, 0, 0, 0, 30, 5, 0, 30, 0, 0, 4, 0, 0, 
0, 0, 0, 0, 0, 30, 0, 0, 0, 0, 30, 0, 0, 0, 0, 0, 0, 0, 0, 30, 
0, 0, 0, 0, 24, 0, 30, 0, 0, 30, 0, 0, 0, 0, 0, 0, 30, 0, 30, 
1, 0, 0, 30, 0, 30, 27, 0, 30, 0, 0, 30, 0, 30, 0, 0, 0, 0, 0, 
0, 0, 0, 30, 30, 0, 0, 0, 0, 30, 0, 0, 0, 30, 0, 0, 0, 30, 30, 
0, 0, 0, 0, 0, 0, 0, 0, 0, 0, 30, 0, 30, 0, 0, 0, 0, 0, 0, 0, 
0, 0, 0, 0, 0, 0, 0, 30, 0, 30, 0, 28, 30, 2, 0, 30, 0, 29, 30, 
0, 0, 0, 0, 0, 0, 0, 30, 0, 26, 0, 14, 0, 30, 0, 0, 0, 0, 0, 
0, 28, 0, 0, 11, 30, 30, 0, 0, 0, 30, 0, 0, 0, 0, 0, 0, 0, 0, 
0, 0, 0, 30, 23, 0, 0, 0, 30, 0, 30, 0, 0, 0, 30, 0, 0, 0, 0, 
0, 0, 30, 30), `3NN` = c(4, 0, 0, 0, 0, 0, 0, 0, 1, 0, 0, 1, 
0, 0, 0, 0, 0, 1, 0, 0, 0, 0, 0, 4, 0, 0, 0, 0, 0, 0, 0, 0, 0, 
3, 0, 0, 0, 0, 0, 0, 0, 4, 0, 0, 0, 0, 0, 0, 0, 0, 0, 0, 0, 0, 
0, 3, 0, 1, 0, 0, 4, 0, 1, 0, 0, 1, 0, 4, 0, 0, 4, 0, 0, 0, 0, 
0, 0, 0, 0, 0, 26, 0, 0, 0, 0, 0, 0, 0, 0, 0, 1, 2, 30, 1, 0, 
0, 0, 0, 0, 4, 0, 0, 30, 2, 0, 0, 30, 0, 0, 0, 0, 1, 0, 0, 0, 
0, 0, 30, 0, 0, 4, 0, 0, 5, 0, 5, 0, 0, 0, 0, 0, 0, 0, 0, 4, 
0, 0, 2, 0, 1, 4, 0, 0, 0, 0, 0, 0, 0, 0, 1, 0, 0, 0, 0, 0, 0, 
1, 0, 0, 0, 1, 0, 2, 30, 0, 0, 0, 0, 30, 4, 0, 0, 0, 0, 0, 0, 
1, 4, 0, 30, 1, 7, 3, 30, 0, 3, 0, 0, 0, 0, 3, 0, 2, 0, 0, 2, 
5, 0, 1, 0, 2, 0, 3, 0, 0, 0, 0, 27, 0, 0, 0, 0, 2, 5, 0, 2, 
3, 0, 4, 0, 0, 0, 0, 0, 0, 1, 0, 0, 0, 0, 1, 1, 4, 2, 0, 3, 0, 
3, 0, 1, 0, 7, 0, 0, 0, 0, 0, 0, 3, 2), RF = c(4, 0, 3, 0, 0, 
0, 0, 0, 0, 0, 0, 0, 0, 0, 0, 0, 0, 0, 0, 0, 0, 0, 0, 4, 0, 0, 
0, 0, 0, 0, 0, 0, 0, 0, 3, 0, 0, 0, 0, 0, 0, 2, 0, 0, 0, 0, 0, 
0, 0, 0, 0, 0, 0, 0, 0, 0, 0, 0, 0, 0, 2, 0, 0, 0, 0, 0, 0, 4, 
0, 0, 4, 0, 0, 3, 0, 0, 0, 0, 3, 0, 0, 0, 2, 0, 0, 0, 0, 0, 0, 
0, 0, 1, 30, 0, 0, 0, 0, 0, 0, 4, 0, 0, 30, 0, 0, 0, 24, 26, 
0, 0, 0, 1, 2, 0, 18, 2, 0, 30, 11, 0, 4, 0, 0, 6, 0, 6, 0, 0, 
0, 0, 0, 0, 0, 0, 4, 2, 0, 1, 0, 0, 4, 0, 0, 0, 0, 0, 0, 0, 0, 
1, 0, 0, 0, 0, 0, 2, 0, 0, 2, 0, 1, 0, 2, 0, 0, 0, 0, 0, 30, 
4, 0, 0, 0, 0, 0, 0, 0, 4, 0, 30, 0, 7, 4, 13, 0, 3, 0, 0, 1, 
0, 0, 0, 2, 0, 0, 0, 5, 0, 1, 0, 2, 0, 3, 0, 0, 0, 0, 10, 0, 
0, 0, 0, 2, 5, 1, 0, 0, 0, 4, 0, 0, 0, 0, 0, 0, 0, 0, 0, 2, 0, 
1, 1, 4, 2, 0, 4, 0, 3, 0, 0, 0, 7, 0, 0, 0, 0, 0, 0, 3, 2), 
    SVM = c(12, 0, 0, 0, 0, 0, 0, 0, 0, 0, 0, 3, 0, 0, 0, 0, 
    0, 0, 0, 0, 0, 0, 0, 1, 0, 0, 0, 0, 0, 0, 0, 0, 0, 0, 30, 
    0, 0, 0, 0, 0, 2, 1, 0, 0, 0, 5, 0, 0, 0, 0, 0, 0, 0, 0, 
    0, 0, 0, 3, 0, 0, 1, 0, 0, 0, 0, 0, 0, 12, 0, 0, 1, 0, 0, 
    0, 0, 0, 0, 0, 30, 0, 0, 0, 0, 30, 0, 0, 0, 0, 0, 0, 0, 0, 
    30, 0, 0, 0, 0, 2, 0, 30, 0, 0, 30, 0, 1, 0, 0, 10, 0, 19, 
    0, 30, 0, 0, 23, 30, 0, 30, 4, 19, 30, 0, 0, 30, 0, 29, 0, 
    2, 0, 0, 19, 0, 0, 0, 30, 30, 0, 0, 0, 0, 30, 0, 0, 0, 30, 
    0, 0, 0, 21, 30, 0, 0, 0, 0, 0, 0, 0, 0, 0, 0, 30, 0, 30, 
    5, 0, 0, 0, 0, 0, 26, 0, 0, 0, 0, 0, 0, 0, 29, 0, 30, 0, 
    30, 30, 21, 1, 30, 1, 0, 0, 0, 0, 0, 0, 0, 0, 12, 27, 0, 
    25, 0, 1, 0, 30, 0, 0, 0, 0, 0, 0, 0, 0, 0, 1, 23, 0, 11, 
    0, 0, 29, 0, 0, 0, 0, 0, 0, 0, 0, 0, 0, 0, 30, 29, 26, 0, 
    0, 30, 0, 30, 0, 0, 0, 30, 0, 0, 0, 0, 0, 0, 30, 30), MLP = c(19, 
    0, 0, 0, 0, 0, 0, 0, 0, 0, 0, 9, 0, 0, 0, 0, 0, 0, 0, 0, 
    0, 11, 0, 0, 0, 0, 0, 0, 0, 0, 0, 2, 0, 1, 30, 0, 0, 0, 1, 
    0, 18, 0, 0, 0, 0, 18, 2, 0, 0, 0, 0, 0, 0, 0, 0, 0, 0, 12, 
    0, 0, 0, 0, 0, 0, 7, 0, 0, 16, 0, 0, 0, 0, 0, 0, 0, 2, 0, 
    0, 30, 0, 0, 0, 0, 22, 1, 0, 0, 0, 8, 0, 0, 0, 26, 0, 0, 
    0, 0, 5, 6, 18, 0, 0, 29, 7, 0, 0, 1, 1, 0, 4, 4, 27, 0, 
    3, 26, 24, 0, 27, 0, 0, 28, 0, 0, 15, 0, 20, 3, 0, 0, 0, 
    0, 0, 0, 0, 13, 29, 0, 1, 0, 0, 28, 0, 0, 5, 24, 0, 0, 4, 
    4, 28, 0, 9, 0, 0, 0, 0, 0, 0, 0, 0, 30, 0, 30, 3, 0, 0, 
    3, 0, 5, 21, 0, 0, 3, 0, 0, 0, 0, 30, 0, 30, 0, 29, 28, 3, 
    2, 28, 13, 0, 0, 1, 9, 0, 0, 0, 0, 4, 10, 3, 9, 0, 3, 0, 
    30, 0, 0, 0, 0, 20, 2, 0, 14, 5, 3, 13, 1, 7, 13, 0, 29, 
    0, 0, 0, 0, 0, 2, 1, 0, 0, 0, 0, 30, 11, 19, 0, 0, 30, 0, 
    29, 0, 0, 0, 30, 0, 0, 0, 0, 0, 0, 29, 30), FUZZY.W = c(4, 
    0, 0, 0, 0, 0, 1, 0, 1, 0, 0, 1, 0, 0, 0, 0, 0, 1, 0, 0, 
    0, 0, 0, 4, 0, 0, 0, 0, 0, 0, 0, 0, 0, 3, 0, 0, 0, 0, 0, 
    0, 23, 4, 0, 0, 0, 27, 0, 0, 0, 0, 0, 0, 0, 0, 0, 3, 0, 1, 
    0, 0, 4, 0, 1, 0, 0, 1, 0, 4, 0, 0, 4, 0, 0, 0, 0, 0, 0, 
    0, 0, 3, 1, 1, 0, 0, 0, 0, 0, 0, 0, 0, 0, 29, 26, 0, 0, 0, 
    0, 0, 0, 2, 4, 0, 30, 0, 0, 0, 30, 0, 0, 0, 0, 1, 1, 0, 0, 
    10, 2, 30, 30, 0, 27, 0, 1, 0, 2, 0, 0, 0, 1, 0, 0, 0, 1, 
    0, 2, 4, 0, 28, 0, 0, 27, 0, 4, 0, 0, 3, 0, 0, 0, 1, 0, 0, 
    0, 0, 0, 0, 0, 0, 0, 1, 1, 0, 2, 30, 0, 0, 0, 0, 6, 4, 1, 
    0, 0, 0, 0, 0, 0, 0, 0, 30, 0, 7, 4, 29, 0, 3, 1, 6, 0, 0, 
    3, 0, 0, 0, 0, 0, 0, 0, 0, 0, 2, 0, 0, 0, 0, 0, 0, 1, 0, 
    6, 2, 0, 2, 0, 0, 0, 3, 0, 0, 0, 0, 0, 0, 0, 0, 0, 0, 0, 
    0, 1, 1, 0, 4, 0, 0, 4, 1, 0, 0, 0, 0, 7, 0, 0, 0, 0, 0, 
    0, 3, 2), FUZZY.CHI = c(4, 0, 0, 0, 0, 0, 1, 0, 1, 0, 0, 
    1, 0, 0, 0, 0, 0, 0, 0, 0, 0, 0, 0, 4, 0, 0, 0, 0, 0, 0, 
    0, 0, 0, 3, 0, 0, 0, 0, 0, 0, 5, 0, 0, 0, 0, 4, 0, 0, 0, 
    0, 0, 0, 0, 0, 0, 3, 0, 1, 0, 0, 0, 0, 0, 0, 0, 1, 0, 4, 
    0, 0, 4, 0, 0, 0, 0, 0, 0, 0, 0, 0, 0, 1, 0, 0, 0, 0, 0, 
    0, 0, 0, 0, 2, 26, 0, 0, 0, 0, 0, 0, 4, 3, 0, 30, 0, 0, 0, 
    30, 0, 0, 0, 0, 1, 0, 0, 0, 10, 0, 30, 30, 0, 26, 0, 4, 0, 
    0, 0, 0, 0, 1, 0, 0, 0, 4, 0, 4, 2, 0, 2, 0, 0, 28, 0, 3, 
    0, 0, 0, 0, 0, 0, 1, 0, 0, 0, 0, 0, 0, 0, 0, 0, 3, 1, 0, 
    3, 30, 0, 0, 0, 0, 4, 4, 0, 0, 0, 0, 0, 0, 0, 4, 0, 30, 0, 
    7, 4, 30, 0, 3, 0, 6, 0, 0, 3, 0, 0, 0, 0, 0, 5, 0, 1, 4, 
    2, 0, 3, 0, 0, 2, 0, 23, 0, 6, 1, 0, 2, 5, 0, 0, 3, 0, 4, 
    0, 0, 0, 4, 0, 0, 0, 0, 0, 0, 3, 1, 1, 4, 0, 0, 5, 0, 3, 
    2, 0, 0, 7, 0, 0, 0, 0, 0, 0, 3, 2)), .Names = c("J48", "NB", 
"3NN", "RF", "SVM", "MLP", "FUZZY.W", "FUZZY.CHI"),