allmeasures <-
list(structure(list(accruacy = c(0.827, 0.791, 0.936, 0.964, 
0.824, 0.848, 0.924, 0.944), error = c(0.173, 0.209, 0.064, 0.036, 
0.176, 0.152, 0.076, 0.056), precision = c(0.829, 0.791, 0.938, 
0.965, 0.827, 0.851, 0.924, 0.946), recall = c(0.836, 0.808, 
0.94, 0.966, 0.838, 0.86, 0.931, 0.949), fscore = c(0.828, 0.787, 
0.937, 0.964, 0.822, 0.846, 0.924, 0.944), classifier = c("cl.c45", 
"cl.nb", "cl.nn", "cl.rf", "cl.svm", "cl.mlp", "cl.fuzzy.w", 
"cl.fuzzy.chi")), .Names = c("accruacy", "error", "precision", 
"recall", "fscore", "classifier"), row.names = c(NA, -8L), class = "data.frame"), 
    structure(list(accruacy = c(0.845, 0.784, 0.928, 0.932, 0.825, 
    0.825, 0.913, 0.921), error = c(0.155, 0.216, 0.072, 0.068, 
    0.175, 0.175, 0.087, 0.079), precision = c(0.846, 0.785, 
    0.931, 0.933, 0.828, 0.826, 0.913, 0.924), recall = c(0.867, 
    0.798, 0.941, 0.942, 0.836, 0.835, 0.925, 0.93), fscore = c(0.845, 
    0.784, 0.93, 0.931, 0.82, 0.818, 0.912, 0.92), classifier = c("cl.c45", 
    "cl.nb", "cl.nn", "cl.rf", "cl.svm", "cl.mlp", "cl.fuzzy.w", 
    "cl.fuzzy.chi")), .Names = c("accruacy", "error", "precision", 
    "recall", "fscore", "classifier"), row.names = c(NA, -8L), class = "data.frame"), 
    structure(list(accruacy = c(0.839, 0.768, 0.928, 0.928, 0.812, 
    0.829, 0.928, 0.928), error = c(0.161, 0.232, 0.072, 0.072, 
    0.188, 0.171, 0.072, 0.072), precision = c(0.842, 0.769, 
    0.931, 0.928, 0.813, 0.835, 0.928, 0.929), recall = c(0.861, 
    0.777, 0.937, 0.939, 0.817, 0.849, 0.94, 0.937), fscore = c(0.839, 
    0.768, 0.928, 0.927, 0.808, 0.828, 0.928, 0.928), classifier = c("cl.c45", 
    "cl.nb", "cl.nn", "cl.rf", "cl.svm", "cl.mlp", "cl.fuzzy.w", 
    "cl.fuzzy.chi")), .Names = c("accruacy", "error", "precision", 
    "recall", "fscore", "classifier"), row.names = c(NA, -8L), class = "data.frame"), 
    structure(list(accruacy = c(0.841, 0.78, 0.956, 0.96, 0.816, 
    0.82, 0.956, 0.948), error = c(0.159, 0.22, 0.044, 0.04, 
    0.184, 0.18, 0.044, 0.052), precision = c(0.843, 0.782, 0.957, 
    0.96, 0.818, 0.824, 0.955, 0.949), recall = c(0.852, 0.793, 
    0.961, 0.966, 0.824, 0.84, 0.962, 0.954), fscore = c(0.84, 
    0.782, 0.956, 0.96, 0.815, 0.821, 0.955, 0.948), classifier = c("cl.c45", 
    "cl.nb", "cl.nn", "cl.rf", "cl.svm", "cl.mlp", "cl.fuzzy.w", 
    "cl.fuzzy.chi")), .Names = c("accruacy", "error", "precision", 
    "recall", "fscore", "classifier"), row.names = c(NA, -8L), class = "data.frame"), 
    structure(list(accruacy = c(0.864, 0.784, 0.952, 0.96, 0.831, 
    0.848, 0.94, 0.948), error = c(0.136, 0.216, 0.048, 0.04, 
    0.169, 0.152, 0.06, 0.052), precision = c(0.868, 0.786, 0.951, 
    0.96, 0.834, 0.851, 0.939, 0.948), recall = c(0.879, 0.793, 
    0.956, 0.964, 0.838, 0.858, 0.943, 0.949), fscore = c(0.864, 
    0.783, 0.951, 0.96, 0.827, 0.848, 0.939, 0.948), classifier = c("cl.c45", 
    "cl.nb", "cl.nn", "cl.rf", "cl.svm", "cl.mlp", "cl.fuzzy.w", 
    "cl.fuzzy.chi")), .Names = c("accruacy", "error", "precision", 
    "recall", "fscore", "classifier"), row.names = c(NA, -8L), class = "data.frame"), 
    structure(list(accruacy = c(0.828, 0.788, 0.919, 0.911, 0.828, 
    0.82, 0.883, 0.899), error = c(0.172, 0.212, 0.081, 0.089, 
    0.172, 0.18, 0.117, 0.101), precision = c(0.828, 0.79, 0.92, 
    0.909, 0.831, 0.824, 0.881, 0.899), recall = c(0.841, 0.802, 
    0.923, 0.923, 0.842, 0.831, 0.897, 0.91), fscore = c(0.825, 
    0.787, 0.918, 0.908, 0.824, 0.816, 0.881, 0.9), classifier = c("cl.c45", 
    "cl.nb", "cl.nn", "cl.rf", "cl.svm", "cl.mlp", "cl.fuzzy.w", 
    "cl.fuzzy.chi")), .Names = c("accruacy", "error", "precision", 
    "recall", "fscore", "classifier"), row.names = c(NA, -8L), class = "data.frame"), 
    structure(list(accruacy = c(0.856, 0.776, 0.944, 0.952, 0.824, 
    0.816, 0.932, 0.928), error = c(0.144, 0.224, 0.056, 0.048, 
    0.176, 0.184, 0.068, 0.072), precision = c(0.854, 0.777, 
    0.943, 0.951, 0.825, 0.818, 0.93, 0.927), recall = c(0.87, 
    0.794, 0.95, 0.96, 0.838, 0.832, 0.94, 0.941), fscore = c(0.853, 
    0.776, 0.943, 0.949, 0.82, 0.814, 0.93, 0.927), classifier = c("cl.c45", 
    "cl.nb", "cl.nn", "cl.rf", "cl.svm", "cl.mlp", "cl.fuzzy.w", 
    "cl.fuzzy.chi")), .Names = c("accruacy", "error", "precision", 
    "recall", "fscore", "classifier"), row.names = c(NA, -8L), class = "data.frame"), 
    structure(list(accruacy = c(0.832, 0.775, 0.92, 0.936, 0.824, 
    0.82, 0.909, 0.904), error = c(0.168, 0.225, 0.08, 0.064, 
    0.176, 0.18, 0.091, 0.096), precision = c(0.835, 0.779, 0.922, 
    0.936, 0.827, 0.823, 0.907, 0.905), recall = c(0.846, 0.794, 
    0.93, 0.942, 0.829, 0.837, 0.922, 0.914), fscore = c(0.832, 
    0.777, 0.921, 0.935, 0.822, 0.819, 0.908, 0.903), classifier = c("cl.c45", 
    "cl.nb", "cl.nn", "cl.rf", "cl.svm", "cl.mlp", "cl.fuzzy.w", 
    "cl.fuzzy.chi")), .Names = c("accruacy", "error", "precision", 
    "recall", "fscore", "classifier"), row.names = c(NA, -8L), class = "data.frame"), 
    structure(list(accruacy = c(0.864, 0.777, 0.952, 0.96, 0.837, 
    0.833, 0.932, 0.948), error = c(0.136, 0.223, 0.048, 0.04, 
    0.163, 0.167, 0.068, 0.052), precision = c(0.867, 0.78, 0.954, 
    0.961, 0.84, 0.839, 0.932, 0.949), recall = c(0.874, 0.786, 
    0.954, 0.961, 0.842, 0.842, 0.938, 0.952), fscore = c(0.864, 
    0.78, 0.952, 0.961, 0.836, 0.833, 0.931, 0.947), classifier = c("cl.c45", 
    "cl.nb", "cl.nn", "cl.rf", "cl.svm", "cl.mlp", "cl.fuzzy.w", 
    "cl.fuzzy.chi")), .Names = c("accruacy", "error", "precision", 
    "recall", "fscore", "classifier"), row.names = c(NA, -8L), class = "data.frame"), 
    structure(list(accruacy = c(0.836, 0.78, 0.937, 0.949, 0.804, 
    0.833, 0.932, 0.928), error = c(0.164, 0.22, 0.063, 0.051, 
    0.196, 0.167, 0.068, 0.072), precision = c(0.836, 0.782, 
    0.938, 0.951, 0.807, 0.837, 0.931, 0.929), recall = c(0.846, 
    0.811, 0.94, 0.952, 0.818, 0.849, 0.94, 0.933), fscore = c(0.834, 
    0.78, 0.937, 0.949, 0.801, 0.834, 0.932, 0.929), classifier = c("cl.c45", 
    "cl.nb", "cl.nn", "cl.rf", "cl.svm", "cl.mlp", "cl.fuzzy.w", 
    "cl.fuzzy.chi")), .Names = c("accruacy", "error", "precision", 
    "recall", "fscore", "classifier"), row.names = c(NA, -8L), class = "data.frame"), 
    structure(list(accruacy = c(0.869, 0.789, 0.952, 0.932, 0.821, 
    0.849, 0.932, 0.932), error = c(0.131, 0.211, 0.048, 0.068, 
    0.179, 0.151, 0.068, 0.068), precision = c(0.868, 0.793, 
    0.954, 0.934, 0.827, 0.855, 0.933, 0.936), recall = c(0.89, 
    0.803, 0.958, 0.941, 0.836, 0.861, 0.94, 0.94), fscore = c(0.869, 
    0.791, 0.952, 0.933, 0.819, 0.849, 0.932, 0.934), classifier = c("cl.c45", 
    "cl.nb", "cl.nn", "cl.rf", "cl.svm", "cl.mlp", "cl.fuzzy.w", 
    "cl.fuzzy.chi")), .Names = c("accruacy", "error", "precision", 
    "recall", "fscore", "classifier"), row.names = c(NA, -8L), class = "data.frame"), 
    structure(list(accruacy = c(0.848, 0.781, 0.944, 0.952, 0.816, 
    0.824, 0.92, 0.94), error = c(0.152, 0.219, 0.056, 0.048, 
    0.184, 0.176, 0.08, 0.06), precision = c(0.847, 0.782, 0.943, 
    0.951, 0.819, 0.829, 0.917, 0.938), recall = c(0.864, 0.797, 
    0.954, 0.959, 0.83, 0.836, 0.933, 0.947), fscore = c(0.849, 
    0.782, 0.944, 0.952, 0.813, 0.821, 0.919, 0.939), classifier = c("cl.c45", 
    "cl.nb", "cl.nn", "cl.rf", "cl.svm", "cl.mlp", "cl.fuzzy.w", 
    "cl.fuzzy.chi")), .Names = c("accruacy", "error", "precision", 
    "recall", "fscore", "classifier"), row.names = c(NA, -8L), class = "data.frame"), 
    structure(list(accruacy = c(0.852, 0.779, 0.927, 0.932, 0.819, 
    0.827, 0.923, 0.924), error = c(0.148, 0.221, 0.073, 0.068, 
    0.181, 0.173, 0.077, 0.076), precision = c(0.855, 0.781, 
    0.93, 0.933, 0.823, 0.83, 0.925, 0.926), recall = c(0.869, 
    0.792, 0.935, 0.94, 0.831, 0.841, 0.926, 0.928), fscore = c(0.851, 
    0.782, 0.927, 0.931, 0.818, 0.828, 0.923, 0.922),