allmeasures <-
list(structure(list(accruacy = c(0.84, 0.78, 0.724, 0.936, 0.816, 
0.812, 0.728, 0.7), error = c(0.16, 0.22, 0.276, 0.064, 0.184, 
0.188, 0.272, 0.3), precision = c(0.841, 0.782, 0.73, 0.937, 
0.818, 0.817, 0.73, 0.71), recall = c(0.849, 0.791, 0.74, 0.94, 
0.827, 0.823, 0.754, 0.713), fscore = c(0.841, 0.781, 0.724, 
0.935, 0.813, 0.81, 0.73, 0.699), classifier = c("cl.c45", "cl.nb", 
"cl.nn", "cl.rf", "cl.svm", "cl.mlp", "cl.fuzzy.w", "cl.fuzzy.chi"
)), .Names = c("accruacy", "error", "precision", "recall", "fscore", 
"classifier"), row.names = c(NA, -8L), class = "data.frame"), 
    structure(list(accruacy = c(0.856, 0.792, 0.712, 0.936, 0.821, 
    0.813, 0.715, 0.672), error = c(0.144, 0.208, 0.288, 0.064, 
    0.179, 0.187, 0.285, 0.328), precision = c(0.857, 0.794, 
    0.716, 0.938, 0.823, 0.818, 0.713, 0.676), recall = c(0.867, 
    0.81, 0.707, 0.943, 0.832, 0.821, 0.738, 0.684), fscore = c(0.855, 
    0.794, 0.7, 0.936, 0.819, 0.813, 0.713, 0.665), classifier = c("cl.c45", 
    "cl.nb", "cl.nn", "cl.rf", "cl.svm", "cl.mlp", "cl.fuzzy.w", 
    "cl.fuzzy.chi")), .Names = c("accruacy", "error", "precision", 
    "recall", "fscore", "classifier"), row.names = c(NA, -8L), class = "data.frame"), 
    structure(list(accruacy = c(0.844, 0.761, 0.704, 0.933, 0.812, 
    0.808, 0.723, 0.688), error = c(0.156, 0.239, 0.296, 0.067, 
    0.188, 0.192, 0.277, 0.312), precision = c(0.843, 0.762, 
    0.71, 0.932, 0.814, 0.809, 0.722, 0.696), recall = c(0.857, 
    0.774, 0.713, 0.937, 0.821, 0.817, 0.732, 0.696), fscore = c(0.842, 
    0.761, 0.704, 0.931, 0.809, 0.802, 0.721, 0.684), classifier = c("cl.c45", 
    "cl.nb", "cl.nn", "cl.rf", "cl.svm", "cl.mlp", "cl.fuzzy.w", 
    "cl.fuzzy.chi")), .Names = c("accruacy", "error", "precision", 
    "recall", "fscore", "classifier"), row.names = c(NA, -8L), class = "data.frame"), 
    structure(list(accruacy = c(0.803, 0.782, 0.701, 0.932, 0.815, 
    0.812, 0.688, 0.684), error = c(0.197, 0.218, 0.299, 0.068, 
    0.185, 0.188, 0.312, 0.316), precision = c(0.804, 0.785, 
    0.708, 0.932, 0.82, 0.814, 0.69, 0.691), recall = c(0.822, 
    0.801, 0.724, 0.946, 0.833, 0.826, 0.704, 0.704), fscore = c(0.804, 
    0.784, 0.701, 0.93, 0.813, 0.812, 0.685, 0.68), classifier = c("cl.c45", 
    "cl.nb", "cl.nn", "cl.rf", "cl.svm", "cl.mlp", "cl.fuzzy.w", 
    "cl.fuzzy.chi")), .Names = c("accruacy", "error", "precision", 
    "recall", "fscore", "classifier"), row.names = c(NA, -8L), class = "data.frame"), 
    structure(list(accruacy = c(0.849, 0.775, 0.708, 0.933, 0.835, 
    0.798, 0.704, 0.68), error = c(0.151, 0.225, 0.292, 0.067, 
    0.165, 0.202, 0.296, 0.32), precision = c(0.85, 0.777, 0.714, 
    0.933, 0.837, 0.8, 0.703, 0.685), recall = c(0.862, 0.79, 
    0.728, 0.937, 0.845, 0.809, 0.723, 0.689), fscore = c(0.848, 
    0.776, 0.707, 0.933, 0.832, 0.801, 0.702, 0.677), classifier = c("cl.c45", 
    "cl.nb", "cl.nn", "cl.rf", "cl.svm", "cl.mlp", "cl.fuzzy.w", 
    "cl.fuzzy.chi")), .Names = c("accruacy", "error", "precision", 
    "recall", "fscore", "classifier"), row.names = c(NA, -8L), class = "data.frame"), 
    structure(list(accruacy = c(0.868, 0.785, 0.725, 0.936, 0.8, 
    0.813, 0.72, 0.696), error = c(0.132, 0.215, 0.275, 0.064, 
    0.2, 0.187, 0.28, 0.304), precision = c(0.869, 0.789, 0.734, 
    0.937, 0.804, 0.818, 0.721, 0.702), recall = c(0.883, 0.798, 
    0.748, 0.945, 0.806, 0.824, 0.737, 0.707), fscore = c(0.867, 
    0.788, 0.727, 0.935, 0.799, 0.812, 0.715, 0.694), classifier = c("cl.c45", 
    "cl.nb", "cl.nn", "cl.rf", "cl.svm", "cl.mlp", "cl.fuzzy.w", 
    "cl.fuzzy.chi")), .Names = c("accruacy", "error", "precision", 
    "recall", "fscore", "classifier"), row.names = c(NA, -8L), class = "data.frame"), 
    structure(list(accruacy = c(0.847, 0.783, 0.707, 0.915, 0.815, 
    0.807, 0.704, 0.68), error = c(0.153, 0.217, 0.293, 0.085, 
    0.185, 0.193, 0.296, 0.32), precision = c(0.85, 0.786, 0.715, 
    0.916, 0.817, 0.813, 0.705, 0.687), recall = c(0.864, 0.799, 
    0.714, 0.923, 0.829, 0.833, 0.716, 0.692), fscore = c(0.847, 
    0.784, 0.707, 0.915, 0.811, 0.808, 0.704, 0.68), classifier = c("cl.c45", 
    "cl.nb", "cl.nn", "cl.rf", "cl.svm", "cl.mlp", "cl.fuzzy.w", 
    "cl.fuzzy.chi")), .Names = c("accruacy", "error", "precision", 
    "recall", "fscore", "classifier"), row.names = c(NA, -8L), class = "data.frame"), 
    structure(list(accruacy = c(0.848, 0.792, 0.724, 0.932, 0.811, 
    0.808, 0.712, 0.7), error = c(0.152, 0.208, 0.276, 0.068, 
    0.189, 0.192, 0.288, 0.3), precision = c(0.854, 0.793, 0.729, 
    0.933, 0.814, 0.811, 0.712, 0.708), recall = c(0.86, 0.803, 
    0.741, 0.938, 0.813, 0.824, 0.726, 0.713), fscore = c(0.847, 
    0.793, 0.723, 0.931, 0.807, 0.807, 0.71, 0.696), classifier = c("cl.c45", 
    "cl.nb", "cl.nn", "cl.rf", "cl.svm", "cl.mlp", "cl.fuzzy.w", 
    "cl.fuzzy.chi")), .Names = c("accruacy", "error", "precision", 
    "recall", "fscore", "classifier"), row.names = c(NA, -8L), class = "data.frame"), 
    structure(list(accruacy = c(0.832, 0.777, 0.697, 0.932, 0.8, 
    0.769, 0.704, 0.668), error = c(0.168, 0.223, 0.303, 0.068, 
    0.2, 0.231, 0.296, 0.332), precision = c(0.834, 0.779, 0.702, 
    0.933, 0.801, 0.775, 0.703, 0.674), recall = c(0.839, 0.794, 
    0.715, 0.94, 0.812, 0.795, 0.725, 0.678), fscore = c(0.831, 
    0.777, 0.697, 0.933, 0.799, 0.766, 0.706, 0.667), classifier = c("cl.c45", 
    "cl.nb", "cl.nn", "cl.rf", "cl.svm", "cl.mlp", "cl.fuzzy.w", 
    "cl.fuzzy.chi")), .Names = c("accruacy", "error", "precision", 
    "recall", "fscore", "classifier"), row.names = c(NA, -8L), class = "data.frame"), 
    structure(list(accruacy = c(0.848, 0.776, 0.72, 0.904, 0.808, 
    0.776, 0.683, 0.668), error = c(0.152, 0.224, 0.28, 0.096, 
    0.192, 0.224, 0.317, 0.332), precision = c(0.851, 0.779, 
    0.728, 0.907, 0.812, 0.779, 0.684, 0.675), recall = c(0.866, 
    0.798, 0.734, 0.917, 0.815, 0.796, 0.706, 0.694), fscore = c(0.845, 
    0.777, 0.722, 0.905, 0.807, 0.775, 0.685, 0.663), classifier = c("cl.c45", 
    "cl.nb", "cl.nn", "cl.rf", "cl.svm", "cl.mlp", "cl.fuzzy.w", 
    "cl.fuzzy.chi")), .Names = c("accruacy", "error", "precision", 
    "recall", "fscore", "classifier"), row.names = c(NA, -8L), class = "data.frame"), 
    structure(list(accruacy = c(0.855, 0.786, 0.723, 0.939, 0.795, 
    0.807, 0.695, 0.678), error = c(0.145, 0.214, 0.277, 0.061, 
    0.205, 0.193, 0.305, 0.322), precision = c(0.856, 0.786, 
    0.727, 0.94, 0.797, 0.808, 0.695, 0.682), recall = c(0.871, 
    0.808, 0.743, 0.945, 0.802, 0.827, 0.707, 0.682), fscore = c(0.851, 
    0.784, 0.724, 0.938, 0.793, 0.808, 0.695, 0.677), classifier = c("cl.c45", 
    "cl.nb", "cl.nn", "cl.rf", "cl.svm", "cl.mlp", "cl.fuzzy.w", 
    "cl.fuzzy.chi")), .Names = c("accruacy", "error", "precision", 
    "recall", "fscore", "classifier"), row.names = c(NA, -8L), class = "data.frame"), 
    structure(list(accruacy = c(0.832, 0.773, 0.721, 0.936, 0.809, 
    0.805, 0.709, 0.685), error = c(0.168, 0.227, 0.279, 0.064, 
    0.191, 0.195, 0.291, 0.315), precision = c(0.832, 0.775, 
    0.727, 0.937, 0.81, 0.808, 0.707, 0.69), recall = c(0.851, 
    0.792, 0.73, 0.943, 0.818, 0.823, 0.734, 0.708), fscore = c(0.832, 
    0.775, 0.722, 0.936, 0.806, 0.804, 0.708, 0.681), classifier = c("cl.c45", 
    "cl.nb", "cl.nn", "cl.rf", "cl.svm", "cl.mlp", "cl.fuzzy.w", 
    "cl.fuzzy.chi")), .Names = c("accruacy", "error", "precision", 
    "recall", "fscore", "classifier"), row.names = c(NA, -8L), class = "data.frame"), 
    structure(list(accruacy = c(0.86, 0.785, 0.712, 0.92, 0.805, 
    0.809, 0.684, 0.668), error = c(0.14, 0.215, 0.288, 0.08, 
    0.195, 0.191, 0.316, 0.332), precision = c(0.863, 0.788, 
    0.719, 0.923, 0.808, 0.812, 0.687, 0.677), recall = c(0.878, 
    0.806, 0.724, 0.926, 0.816, 0.818, 0.706, 0.684), fscore = c(0.86, 
    0.786, 0.715, 0.92, 0.804, 0.807, 0.689, 0.669),