allmeasures <-
list(structure(list(accruacy = c(0.668, 0.659, 0.686, 0.718, 
0.753, 0.735, 0.674, 0.661), error = c(0.332, 0.341, 0.314, 0.282, 
0.247, 0.265, 0.326, 0.339), precision = c(0.667, 0.656, 0.683, 
0.717, 0.752, 0.731, 0.67, 0.659), recall = c(0.676, 0.661, 0.685, 
0.722, 0.758, 0.741, 0.681, 0.664), fscore = c(0.661, 0.646, 
0.681, 0.713, 0.75, 0.727, 0.656, 0.649), classifier = c("cl.c45", 
"cl.nb", "cl.nn", "cl.rf", "cl.svm", "cl.mlp", "cl.fuzzy.w", 
"cl.fuzzy.chi")), .Names = c("accruacy", "error", "precision", 
"recall", "fscore", "classifier"), row.names = c(NA, -8L), class = "data.frame"), 
    structure(list(accruacy = c(0.691, 0.651, 0.69, 0.735, 0.767, 
    0.728, 0.666, 0.663), error = c(0.309, 0.349, 0.31, 0.265, 
    0.233, 0.272, 0.334, 0.337), precision = c(0.688, 0.647, 
    0.686, 0.733, 0.764, 0.724, 0.662, 0.66), recall = c(0.696, 
    0.653, 0.701, 0.743, 0.774, 0.736, 0.664, 0.658), fscore = c(0.684, 
    0.638, 0.685, 0.731, 0.762, 0.717, 0.657, 0.655), classifier = c("cl.c45", 
    "cl.nb", "cl.nn", "cl.rf", "cl.svm", "cl.mlp", "cl.fuzzy.w", 
    "cl.fuzzy.chi")), .Names = c("accruacy", "error", "precision", 
    "recall", "fscore", "classifier"), row.names = c(NA, -8L), class = "data.frame"), 
    structure(list(accruacy = c(0.654, 0.653, 0.688, 0.731, 0.755, 
    0.701, 0.688, 0.683), error = c(0.346, 0.347, 0.312, 0.269, 
    0.245, 0.299, 0.312, 0.317), precision = c(0.651, 0.651, 
    0.684, 0.728, 0.752, 0.696, 0.684, 0.681), recall = c(0.657, 
    0.659, 0.689, 0.738, 0.759, 0.702, 0.7, 0.684), fscore = c(0.647, 
    0.644, 0.678, 0.726, 0.751, 0.693, 0.671, 0.676), classifier = c("cl.c45", 
    "cl.nb", "cl.nn", "cl.rf", "cl.svm", "cl.mlp", "cl.fuzzy.w", 
    "cl.fuzzy.chi")), .Names = c("accruacy", "error", "precision", 
    "recall", "fscore", "classifier"), row.names = c(NA, -8L), class = "data.frame"), 
    structure(list(accruacy = c(0.649, 0.644, 0.669, 0.715, 0.757, 
    0.713, 0.664, 0.659), error = c(0.351, 0.356, 0.331, 0.285, 
    0.243, 0.287, 0.336, 0.341), precision = c(0.646, 0.641, 
    0.665, 0.713, 0.756, 0.71, 0.66, 0.655), recall = c(0.655, 
    0.655, 0.67, 0.73, 0.764, 0.72, 0.659, 0.653), fscore = c(0.641, 
    0.632, 0.663, 0.71, 0.753, 0.705, 0.642, 0.645), classifier = c("cl.c45", 
    "cl.nb", "cl.nn", "cl.rf", "cl.svm", "cl.mlp", "cl.fuzzy.w", 
    "cl.fuzzy.chi")), .Names = c("accruacy", "error", "precision", 
    "recall", "fscore", "classifier"), row.names = c(NA, -8L), class = "data.frame"), 
    structure(list(accruacy = c(0.669, 0.638, 0.658, 0.698, 0.763, 
    0.713, 0.666, 0.654), error = c(0.331, 0.362, 0.342, 0.302, 
    0.237, 0.287, 0.334, 0.346), precision = c(0.666, 0.636, 
    0.653, 0.696, 0.761, 0.709, 0.661, 0.65), recall = c(0.677, 
    0.641, 0.654, 0.702, 0.77, 0.714, 0.66, 0.651), fscore = c(0.66, 
    0.629, 0.65, 0.695, 0.759, 0.703, 0.656, 0.646), classifier = c("cl.c45", 
    "cl.nb", "cl.nn", "cl.rf", "cl.svm", "cl.mlp", "cl.fuzzy.w", 
    "cl.fuzzy.chi")), .Names = c("accruacy", "error", "precision", 
    "recall", "fscore", "classifier"), row.names = c(NA, -8L), class = "data.frame"), 
    structure(list(accruacy = c(0.678, 0.649, 0.683, 0.713, 0.755, 
    0.725, 0.693, 0.656), error = c(0.322, 0.351, 0.317, 0.287, 
    0.245, 0.275, 0.307, 0.344), precision = c(0.675, 0.646, 
    0.679, 0.71, 0.752, 0.721, 0.688, 0.652), recall = c(0.679, 
    0.652, 0.683, 0.722, 0.762, 0.728, 0.695, 0.66), fscore = c(0.672, 
    0.641, 0.676, 0.708, 0.753, 0.719, 0.682, 0.65), classifier = c("cl.c45", 
    "cl.nb", "cl.nn", "cl.rf", "cl.svm", "cl.mlp", "cl.fuzzy.w", 
    "cl.fuzzy.chi")), .Names = c("accruacy", "error", "precision", 
    "recall", "fscore", "classifier"), row.names = c(NA, -8L), class = "data.frame"), 
    structure(list(accruacy = c(0.656, 0.651, 0.669, 0.728, 0.756, 
    0.716, 0.656, 0.679), error = c(0.344, 0.349, 0.331, 0.272, 
    0.244, 0.284, 0.344, 0.321), precision = c(0.656, 0.648, 
    0.665, 0.727, 0.753, 0.711, 0.652, 0.675), recall = c(0.663, 
    0.655, 0.673, 0.734, 0.757, 0.719, 0.664, 0.682), fscore = c(0.65, 
    0.643, 0.665, 0.727, 0.753, 0.708, 0.643, 0.673), classifier = c("cl.c45", 
    "cl.nb", "cl.nn", "cl.rf", "cl.svm", "cl.mlp", "cl.fuzzy.w", 
    "cl.fuzzy.chi")), .Names = c("accruacy", "error", "precision", 
    "recall", "fscore", "classifier"), row.names = c(NA, -8L), class = "data.frame"), 
    structure(list(accruacy = c(0.666, 0.643, 0.688, 0.713, 0.757, 
    0.702, 0.671, 0.656), error = c(0.334, 0.357, 0.312, 0.287, 
    0.243, 0.298, 0.329, 0.344), precision = c(0.664, 0.641, 
    0.685, 0.711, 0.756, 0.698, 0.667, 0.653), recall = c(0.671, 
    0.645, 0.691, 0.722, 0.77, 0.71, 0.671, 0.657), fscore = c(0.664, 
    0.636, 0.683, 0.71, 0.757, 0.697, 0.66, 0.649), classifier = c("cl.c45", 
    "cl.nb", "cl.nn", "cl.rf", "cl.svm", "cl.mlp", "cl.fuzzy.w", 
    "cl.fuzzy.chi")), .Names = c("accruacy", "error", "precision", 
    "recall", "fscore", "classifier"), row.names = c(NA, -8L), class = "data.frame"), 
    structure(list(accruacy = c(0.702, 0.647, 0.666, 0.713, 0.753, 
    0.708, 0.678, 0.666), error = c(0.298, 0.353, 0.334, 0.287, 
    0.247, 0.292, 0.322, 0.334), precision = c(0.701, 0.645, 
    0.662, 0.712, 0.751, 0.706, 0.674, 0.662), recall = c(0.721, 
    0.648, 0.668, 0.723, 0.762, 0.712, 0.677, 0.668), fscore = c(0.697, 
    0.639, 0.659, 0.709, 0.749, 0.698, 0.664, 0.656), classifier = c("cl.c45", 
    "cl.nb", "cl.nn", "cl.rf", "cl.svm", "cl.mlp", "cl.fuzzy.w", 
    "cl.fuzzy.chi")), .Names = c("accruacy", "error", "precision", 
    "recall", "fscore", "classifier"), row.names = c(NA, -8L), class = "data.frame"), 
    structure(list(accruacy = c(0.678, 0.651, 0.673, 0.737, 0.76, 
    0.7, 0.679, 0.646), error = c(0.322, 0.349, 0.327, 0.263, 
    0.24, 0.3, 0.321, 0.354), precision = c(0.677, 0.648, 0.669, 
    0.736, 0.758, 0.695, 0.675, 0.644), recall = c(0.688, 0.652, 
    0.672, 0.75, 0.766, 0.701, 0.693, 0.652), fscore = c(0.673, 
    0.641, 0.667, 0.735, 0.758, 0.691, 0.667, 0.639), classifier = c("cl.c45", 
    "cl.nb", "cl.nn", "cl.rf", "cl.svm", "cl.mlp", "cl.fuzzy.w", 
    "cl.fuzzy.chi")), .Names = c("accruacy", "error", "precision", 
    "recall", "fscore", "classifier"), row.names = c(NA, -8L), class = "data.frame"), 
    structure(list(accruacy = c(0.654, 0.647, 0.671, 0.703, 0.765, 
    0.711, 0.666, 0.679), error = c(0.346, 0.353, 0.329, 0.297, 
    0.235, 0.289, 0.334, 0.321), precision = c(0.651, 0.645, 
    0.669, 0.702, 0.764, 0.706, 0.662, 0.676), recall = c(0.657, 
    0.648, 0.68, 0.713, 0.77, 0.713, 0.673, 0.683), fscore = c(0.646, 
    0.64, 0.668, 0.7, 0.761, 0.702, 0.653, 0.67), classifier = c("cl.c45", 
    "cl.nb", "cl.nn", "cl.rf", "cl.svm", "cl.mlp", "cl.fuzzy.w", 
    "cl.fuzzy.chi")), .Names = c("accruacy", "error", "precision", 
    "recall", "fscore", "classifier"), row.names = c(NA, -8L), class = "data.frame"), 
    structure(list(accruacy = c(0.659, 0.649, 0.674, 0.718, 0.77, 
    0.71, 0.691, 0.679), error = c(0.341, 0.351, 0.326, 0.282, 
    0.23, 0.29, 0.309, 0.321), precision = c(0.657, 0.647, 0.67, 
    0.717, 0.768, 0.706, 0.687, 0.676), recall = c(0.67, 0.65, 
    0.675, 0.727, 0.776, 0.709, 0.69, 0.673), fscore = c(0.655, 
    0.64, 0.668, 0.716, 0.768, 0.701, 0.68, 0.67), classifier = c("cl.c45", 
    "cl.nb", "cl.nn", "cl.rf", "cl.svm", "cl.mlp", "cl.fuzzy.w", 
    "cl.fuzzy.chi")), .Names = c("accruacy", "error", "precision", 
    "recall", "fscore", "classifier"), row.names = c(NA, -8L), class = "data.frame"), 
    structure(list(accruacy = c(0.653, 0.649, 0.674, 0.733, 0.749, 
    0.717, 0.69, 0.675), error = c(0.347, 0.351, 0.326, 0.267, 
    0.251, 0.283, 0.31, 0.325), precision = c(0.651, 0.647, 0.67, 
    0.731, 0.748, 0.714, 0.686, 0.671), recall = c(0.664, 0.648, 
    0.674, 0.741, 0.757, 0.721, 0.694, 0.685), fscore = c(0.646, 
    0.64, 0.668, 0.73, 0.747, 0.709, 0.682, 0.67),