exit <-
structure(list(acc.mean = c(0.852, 0.784, 0.96, 0.964666666666667, 
0.816, 0.836), acc.sd = c(0, 0, 0, 0.00349712525616577, 0, 0), 
    err.mean = c(0.148, 0.216, 0.04, 0.0353333333333333, 0.184, 
    0.164), err.sd = c(0, 0, 0, 0.00349712525618844, 0, 0), prec.mean = c(0.8548, 
    0.7857, 0.9607, 0.964176666666667, 0.8201, 0.841), prec.sd = c(0, 
    0, 0, 0.00338777552214116, 0, 0), recall.mean = c(0.8518, 
    0.7891, 0.96, 0.96578, 0.8139, 0.8387), recall.sd = c(0, 
    0, 0, 0.00364610325767984, 0, 0), fsc.mean = c(0.8528, 0.7872, 
    0.9603, 0.964736666666667, 0.8141, 0.838), fsc.sds = c(0, 
    0, 0, 0.00345627698176983, 0, 0), classifier = c("cl.c45", 
    "cl.nb", "cl.nn", "cl.rf", "cl.svm", "cl.mlp")), .Names = c("acc.mean", 
"acc.sd", "err.mean", "err.sd", "prec.mean", "prec.sd", "recall.mean", 
"recall.sd", "fsc.mean", "fsc.sds", "classifier"), row.names = c(NA, 
-6L), class = "data.frame")
