exec <-
list(structure(list(accruacy = c(0.852, 0.784, 0.96, 0.968, 0.816, 
0.836), error = c(0.148, 0.216, 0.04, 0.032, 0.184, 0.164), precision = c(0.8548, 
0.7857, 0.9607, 0.9672, 0.8201, 0.841), recall = c(0.8518, 0.7891, 
0.96, 0.9695, 0.8139, 0.8387), fscore = c(0.8528, 0.7872, 0.9603, 
0.968, 0.8141, 0.838), classifier = c("cl.c45", "cl.nb", "cl.nn", 
"cl.rf", "cl.svm", "cl.mlp")), .Names = c("accruacy", "error", 
"precision", "recall", "fscore", "classifier"), row.names = c(NA, 
-6L), class = "data.frame"), structure(list(accruacy = c(0.852, 
0.784, 0.96, 0.968, 0.816, 0.836), error = c(0.148, 0.216, 0.04, 
0.032, 0.184, 0.164), precision = c(0.8548, 0.7857, 0.9607, 0.9679, 
0.8201, 0.841), recall = c(0.8518, 0.7891, 0.96, 0.9685, 0.8139, 
0.8387), fscore = c(0.8528, 0.7872, 0.9603, 0.9681, 0.8141, 0.838
), classifier = c("cl.c45", "cl.nb", "cl.nn", "cl.rf", "cl.svm", 
"cl.mlp")), .Names = c("accruacy", "error", "precision", "recall", 
"fscore", "classifier"), row.names = c(NA, -6L), class = "data.frame"), 
    structure(list(accruacy = c(0.852, 0.784, 0.96, 0.964, 0.816, 
    0.836), error = c(0.148, 0.216, 0.04, 0.036, 0.184, 0.164
    ), precision = c(0.8548, 0.7857, 0.9607, 0.9636, 0.8201, 
    0.841), recall = c(0.8518, 0.7891, 0.96, 0.965, 0.8139, 0.8387
    ), fscore = c(0.8528, 0.7872, 0.9603, 0.9641, 0.8141, 0.838
    ), classifier = c("cl.c45", "cl.nb", "cl.nn", "cl.rf", "cl.svm", 
    "cl.mlp")), .Names = c("accruacy", "error", "precision", 
    "recall", "fscore", "classifier"), row.names = c(NA, -6L), class = "data.frame"), 
    structure(list(accruacy = c(0.852, 0.784, 0.96, 0.964, 0.816, 
    0.836), error = c(0.148, 0.216, 0.04, 0.036, 0.184, 0.164
    ), precision = c(0.8548, 0.7857, 0.9607, 0.9636, 0.8201, 
    0.841), recall = c(0.8518, 0.7891, 0.96, 0.965, 0.8139, 0.8387
    ), fscore = c(0.8528, 0.7872, 0.9603, 0.9641, 0.8141, 0.838
    ), classifier = c("cl.c45", "cl.nb", "cl.nn", "cl.rf", "cl.svm", 
    "cl.mlp")), .Names = c("accruacy", "error", "precision", 
    "recall", "fscore", "classifier"), row.names = c(NA, -6L), class = "data.frame"), 
    structure(list(accruacy = c(0.852, 0.784, 0.96, 0.968, 0.816, 
    0.836), error = c(0.148, 0.216, 0.04, 0.032, 0.184, 0.164
    ), precision = c(0.8548, 0.7857, 0.9607, 0.9672, 0.8201, 
    0.841), recall = c(0.8518, 0.7891, 0.96, 0.9695, 0.8139, 
    0.8387), fscore = c(0.8528, 0.7872, 0.9603, 0.968, 0.8141, 
    0.838), classifier = c("cl.c45", "cl.nb", "cl.nn", "cl.rf", 
    "cl.svm", "cl.mlp")), .Names = c("accruacy", "error", "precision", 
    "recall", "fscore", "classifier"), row.names = c(NA, -6L), class = "data.frame"), 
    structure(list(accruacy = c(0.852, 0.784, 0.96, 0.96, 0.816, 
    0.836), error = c(0.148, 0.216, 0.04, 0.04, 0.184, 0.164), 
        precision = c(0.8548, 0.7857, 0.9607, 0.9593, 0.8201, 
        0.841), recall = c(0.8518, 0.7891, 0.96, 0.9615, 0.8139, 
        0.8387), fscore = c(0.8528, 0.7872, 0.9603, 0.9601, 0.8141, 
        0.838), classifier = c("cl.c45", "cl.nb", "cl.nn", "cl.rf", 
        "cl.svm", "cl.mlp")), .Names = c("accruacy", "error", 
    "precision", "recall", "fscore", "classifier"), row.names = c(NA, 
    -6L), class = "data.frame"), structure(list(accruacy = c(0.852, 
    0.784, 0.96, 0.968, 0.816, 0.836), error = c(0.148, 0.216, 
    0.04, 0.032, 0.184, 0.164), precision = c(0.8548, 0.7857, 
    0.9607, 0.9672, 0.8201, 0.841), recall = c(0.8518, 0.7891, 
    0.96, 0.9695, 0.8139, 0.8387), fscore = c(0.8528, 0.7872, 
    0.9603, 0.968, 0.8141, 0.838), classifier = c("cl.c45", "cl.nb", 
    "cl.nn", "cl.rf", "cl.svm", "cl.mlp")), .Names = c("accruacy", 
    "error", "precision", "recall", "fscore", "classifier"), row.names = c(NA, 
    -6L), class = "data.frame"), structure(list(accruacy = c(0.852, 
    0.784, 0.96, 0.964, 0.816, 0.836), error = c(0.148, 0.216, 
    0.04, 0.036, 0.184, 0.164), precision = c(0.8548, 0.7857, 
    0.9607, 0.9636, 0.8201, 0.841), recall = c(0.8518, 0.7891, 
    0.96, 0.965, 0.8139, 0.8387), fscore = c(0.8528, 0.7872, 
    0.9603, 0.9641, 0.8141, 0.838), classifier = c("cl.c45", 
    "cl.nb", "cl.nn", "cl.rf", "cl.svm", "cl.mlp")), .Names = c("accruacy", 
    "error", "precision", "recall", "fscore", "classifier"), row.names = c(NA, 
    -6L), class = "data.frame"), structure(list(accruacy = c(0.852, 
    0.784, 0.96, 0.964, 0.816, 0.836), error = c(0.148, 0.216, 
    0.04, 0.036, 0.184, 0.164), precision = c(0.8548, 0.7857, 
    0.9607, 0.9636, 0.8201, 0.841), recall = c(0.8518, 0.7891, 
    0.96, 0.965, 0.8139, 0.8387), fscore = c(0.8528, 0.7872, 
    0.9603, 0.9641, 0.8141, 0.838), classifier = c("cl.c45", 
    "cl.nb", "cl.nn", "cl.rf", "cl.svm", "cl.mlp")), .Names = c("accruacy", 
    "error", "precision", "recall", "fscore", "classifier"), row.names = c(NA, 
    -6L), class = "data.frame"), structure(list(accruacy = c(0.852, 
    0.784, 0.96, 0.964, 0.816, 0.836), error = c(0.148, 0.216, 
    0.04, 0.036, 0.184, 0.164), precision = c(0.8548, 0.7857, 
    0.9607, 0.9636, 0.8201, 0.841), recall = c(0.8518, 0.7891, 
    0.96, 0.965, 0.8139, 0.8387), fscore = c(0.8528, 0.7872, 
    0.9603, 0.9641, 0.8141, 0.838), classifier = c("cl.c45", 
    "cl.nb", "cl.nn", "cl.rf", "cl.svm", "cl.mlp")), .Names = c("accruacy", 
    "error", "precision", "recall", "fscore", "classifier"), row.names = c(NA, 
    -6L), class = "data.frame"), structure(list(accruacy = c(0.852, 
    0.784, 0.96, 0.968, 0.816, 0.836), error = c(0.148, 0.216, 
    0.04, 0.032, 0.184, 0.164), precision = c(0.8548, 0.7857, 
    0.9607, 0.9672, 0.8201, 0.841), recall = c(0.8518, 0.7891, 
    0.96, 0.9695, 0.8139, 0.8387), fscore = c(0.8528, 0.7872, 
    0.9603, 0.968, 0.8141, 0.838), classifier = c("cl.c45", "cl.nb", 
    "cl.nn", "cl.rf", "cl.svm", "cl.mlp")), .Names = c("accruacy", 
    "error", "precision", "recall", "fscore", "classifier"), row.names = c(NA, 
    -6L), class = "data.frame"), structure(list(accruacy = c(0.852, 
    0.784, 0.96, 0.968, 0.816, 0.836), error = c(0.148, 0.216, 
    0.04, 0.032, 0.184, 0.164), precision = c(0.8548, 0.7857, 
    0.9607, 0.9672, 0.8201, 0.841), recall = c(0.8518, 0.7891, 
    0.96, 0.9695, 0.8139, 0.8387), fscore = c(0.8528, 0.7872, 
    0.9603, 0.968, 0.8141, 0.838), classifier = c("cl.c45", "cl.nb", 
    "cl.nn", "cl.rf", "cl.svm", "cl.mlp")), .Names = c("accruacy", 
    "error", "precision", "recall", "fscore", "classifier"), row.names = c(NA, 
    -6L), class = "data.frame"), structure(list(accruacy = c(0.852, 
    0.784, 0.96, 0.96, 0.816, 0.836), error = c(0.148, 0.216, 
    0.04, 0.04, 0.184, 0.164), precision = c(0.8548, 0.7857, 
    0.9607, 0.96, 0.8201, 0.841), recall = c(0.8518, 0.7891, 
    0.96, 0.9606, 0.8139, 0.8387), fscore = c(0.8528, 0.7872, 
    0.9603, 0.9602, 0.8141, 0.838), classifier = c("cl.c45", 
    "cl.nb", "cl.nn", "cl.rf", "cl.svm", "cl.mlp")), .Names = c("accruacy", 
    "error", "precision", "recall", "fscore", "classifier"), row.names = c(NA, 
    -6L), class = "data.frame"), structure(list(accruacy = c(0.852, 
    0.784, 0.96, 0.96, 0.816, 0.836), error = c(0.148, 0.216, 
    0.04, 0.04, 0.184, 0.164), precision = c(0.8548, 0.7857, 
    0.9607, 0.96, 0.8201, 0.841), recall = c(0.8518, 0.7891, 
    0.96, 0.9606, 0.8139, 0.8387), fscore = c(0.8528, 0.7872, 
    0.9603, 0.9602, 0.8141, 0.838), classifier = c("cl.c45", 
    "cl.nb", "cl.nn", "cl.rf", "cl.svm", "cl.mlp")), .Names = c("accruacy", 
    "error", "precision", "recall", "fscore", "classifier"), row.names = c(NA, 
    -6L), class = "data.frame"), structure(list(accruacy = c(0.852, 
    0.784, 0.96, 0.972, 0.816, 0.836), error = c(0.148, 0.216, 
    0.04, 0.028, 0.184, 0.164), precision = c(0.8548, 0.7857, 
    0.9607, 0.9715, 0.8201, 0.841), recall = c(0.8518, 0.7891, 
    0.96, 0.9729, 0.8139, 0.8387), fscore = c(0.8528, 0.7872, 
    0.9603, 0.972, 0.8141, 0.838), classifier = c("cl.c45", "cl.nb", 
    "cl.nn", "cl.rf", "cl.svm", "cl.mlp")),