exit <-
structure(list(acc.mean = c(0.838450666666667, 0.782631, 0.935976666666667, 
0.943015, 0.823313666666667, 0.82689), acc.sd = c(0.0179197136548337, 
0.00618842765948168, 0.013128837523277, 0.0120851290064836, 0.00920182121528401, 
0.0150691589587482), err.mean = c(0.161549333333333, 0.217369, 
0.0640233333333333, 0.056985, 0.176686333333333, 0.17311), err.sd = c(0.0179197136548347, 
0.00618842765947472, 0.0131288375232784, 0.0120851290064876, 
0.00920182121529006, 0.015069158958752), prec.mean = c(0.840086, 
0.784645333333333, 0.937549666666667, 0.943200666666667, 0.826975, 
0.830267666666667), prec.sd = c(0.0177691356978383, 0.00628395588854355, 
0.0127474006771218, 0.0119271532960332, 0.00899669891567503, 
0.0154362588560621), recall.mean = c(0.854397666666667, 0.799488, 
0.943884333333333, 0.950022666666667, 0.833938666666667, 0.840478666666667
), recall.sd = c(0.0182544325620107, 0.00783903072826629, 0.0109257480398359, 
0.0109176945694838, 0.00952608822032931, 0.0154295908572745), 
    fsc.mean = c(0.837755, 0.782920666666667, 0.936163666666667, 
    0.942758333333333, 0.820273333333333, 0.825601), fsc.sds = c(0.0183339983317212, 
    0.00596148901402105, 0.0130594702018834, 0.0121448629933161, 
    0.00931709712574658, 0.0156919776011314), classifier = c("cl.c45", 
    "cl.nb", "cl.nn", "cl.rf", "cl.svm", "cl.mlp")), .Names = c("acc.mean", 
"acc.sd", "err.mean", "err.sd", "prec.mean", "prec.sd", "recall.mean", 
"recall.sd", "fsc.mean", "fsc.sds", "classifier"), row.names = c(NA, 
-6L), class = "data.frame")
