exec <-
list(structure(list(accruacy = c(0.82465, 0.78477, 0.92875, 0.92458, 
0.82115, 0.82514), error = c(0.17535, 0.21523, 0.07125, 0.07542, 
0.17885, 0.17486), precision = c(0.82524, 0.78646, 0.92936, 0.92414, 
0.82478, 0.82755), recall = c(0.84753, 0.80042, 0.94345, 0.93567, 
0.83251, 0.83668), fscore = c(0.82242, 0.78269, 0.92903, 0.92525, 
0.81955, 0.82579), classifier = c("cl.c45", "cl.nb", "cl.nn", 
"cl.rf", "cl.svm", "cl.mlp")), .Names = c("accruacy", "error", 
"precision", "recall", "fscore", "classifier"), row.names = c(NA, 
-6L), class = "data.frame"), structure(list(accruacy = c(0.79962, 
0.79208, 0.92748, 0.92367, 0.82745, 0.81945), error = c(0.20038, 
0.20792, 0.07252, 0.07633, 0.17255, 0.18055), precision = c(0.8035, 
0.7927, 0.9285, 0.92588, 0.83077, 0.82144), recall = c(0.81453, 
0.81214, 0.93947, 0.93174, 0.84349, 0.82289), fscore = c(0.80098, 
0.79073, 0.92633, 0.92325, 0.82457, 0.81649), classifier = c("cl.c45", 
"cl.nb", "cl.nn", "cl.rf", "cl.svm", "cl.mlp")), .Names = c("accruacy", 
"error", "precision", "recall", "fscore", "classifier"), row.names = c(NA, 
-6L), class = "data.frame"), structure(list(accruacy = c(0.82654, 
0.77596, 0.91145, 0.93964, 0.83199, 0.8432), error = c(0.17346, 
0.22404, 0.08855, 0.06036, 0.16801, 0.1568), precision = c(0.82601, 
0.77763, 0.91377, 0.94108, 0.83456, 0.8466), recall = c(0.83883, 
0.79544, 0.92669, 0.94893, 0.85299, 0.85928), fscore = c(0.82605, 
0.77648, 0.9111, 0.93898, 0.82673, 0.84009), classifier = c("cl.c45", 
"cl.nb", "cl.nn", "cl.rf", "cl.svm", "cl.mlp")), .Names = c("accruacy", 
"error", "precision", "recall", "fscore", "classifier"), row.names = c(NA, 
-6L), class = "data.frame"), structure(list(accruacy = c(0.82444, 
0.77995, 0.93214, 0.93214, 0.83629, 0.83245), error = c(0.17556, 
0.22005, 0.06786, 0.06786, 0.16371, 0.16755), precision = c(0.82548, 
0.78266, 0.93468, 0.93375, 0.83992, 0.83436), recall = c(0.84003, 
0.80135, 0.93778, 0.93722, 0.84267, 0.83701), fscore = c(0.82247, 
0.78094, 0.93165, 0.93086, 0.83529, 0.83224), classifier = c("cl.c45", 
"cl.nb", "cl.nn", "cl.rf", "cl.svm", "cl.mlp")), .Names = c("accruacy", 
"error", "precision", "recall", "fscore", "classifier"), row.names = c(NA, 
-6L), class = "data.frame"), structure(list(accruacy = c(0.82785, 
0.77322, 0.92795, 0.94713, 0.81357, 0.82881), error = c(0.17215, 
0.22678, 0.07205, 0.05287, 0.18643, 0.17119), precision = c(0.82792, 
0.77517, 0.92861, 0.94768, 0.81742, 0.82961), recall = c(0.84967, 
0.78948, 0.93956, 0.954, 0.82589, 0.85184), fscore = c(0.82044, 
0.77632, 0.9276, 0.94701, 0.81212, 0.82737), classifier = c("cl.c45", 
"cl.nb", "cl.nn", "cl.rf", "cl.svm", "cl.mlp")), .Names = c("accruacy", 
"error", "precision", "recall", "fscore", "classifier"), row.names = c(NA, 
-6L), class = "data.frame"), structure(list(accruacy = c(0.83979, 
0.77994, 0.94367, 0.948, 0.82362, 0.83177), error = c(0.16021, 
0.22006, 0.05633, 0.052, 0.17638, 0.16823), precision = c(0.84234, 
0.78239, 0.9428, 0.94709, 0.82789, 0.83576), recall = c(0.8514, 
0.80027, 0.95364, 0.95654, 0.82674, 0.84248), fscore = c(0.84026, 
0.78224, 0.94415, 0.94853, 0.82007, 0.83195), classifier = c("cl.c45", 
"cl.nb", "cl.nn", "cl.rf", "cl.svm", "cl.mlp")), .Names = c("accruacy", 
"error", "precision", "recall", "fscore", "classifier"), row.names = c(NA, 
-6L), class = "data.frame"), structure(list(accruacy = c(0.8604, 
0.79649, 0.93645, 0.95245, 0.813, 0.81652), error = c(0.1396, 
0.20351, 0.06355, 0.04755, 0.187, 0.18348), precision = c(0.86153, 
0.79959, 0.93902, 0.95439, 0.8171, 0.8196), recall = c(0.87885, 
0.81474, 0.94599, 0.9595, 0.8219, 0.83307), fscore = c(0.86078, 
0.79563, 0.93734, 0.95275, 0.80899, 0.81665), classifier = c("cl.c45", 
"cl.nb", "cl.nn", "cl.rf", "cl.svm", "cl.mlp")), .Names = c("accruacy", 
"error", "precision", "recall", "fscore", "classifier"), row.names = c(NA, 
-6L), class = "data.frame"), structure(list(accruacy = c(0.83559, 
0.7756, 0.94363, 0.94348, 0.81975, 0.79225), error = c(0.16441, 
0.2244, 0.05637, 0.05652, 0.18025, 0.20775), precision = c(0.83636, 
0.77671, 0.9453, 0.94399, 0.8254, 0.79186), recall = c(0.85123, 
0.7934, 0.94719, 0.9492, 0.83623, 0.8105), fscore = c(0.83538, 
0.77803, 0.94231, 0.9423, 0.8177, 0.78884), classifier = c("cl.c45", 
"cl.nb", "cl.nn", "cl.rf", "cl.svm", "cl.mlp")), .Names = c("accruacy", 
"error", "precision", "recall", "fscore", "classifier"), row.names = c(NA, 
-6L), class = "data.frame"), structure(list(accruacy = c(0.84094, 
0.78437, 0.95995, 0.96796, 0.8199, 0.84859), error = c(0.15906, 
0.21563, 0.04005, 0.03204, 0.1801, 0.15141), precision = c(0.84746, 
0.78779, 0.96043, 0.96701, 0.82388, 0.85034), recall = c(0.86674, 
0.80765, 0.96692, 0.97348, 0.82423, 0.85718), fscore = c(0.84222, 
0.78436, 0.95975, 0.9675, 0.81701, 0.84837), classifier = c("cl.c45", 
"cl.nb", "cl.nn", "cl.rf", "cl.svm", "cl.mlp")), .Names = c("accruacy", 
"error", "precision", "recall", "fscore", "classifier"), row.names = c(NA, 
-6L), class = "data.frame"), structure(list(accruacy = c(0.80117, 
0.78544, 0.94862, 0.95245, 0.82469, 0.82451), error = c(0.19883, 
0.21456, 0.05138, 0.04755, 0.17531, 0.17549), precision = c(0.8015, 
0.78533, 0.94935, 0.952, 0.82706, 0.82684), recall = c(0.81501, 
0.80075, 0.9553, 0.95875, 0.83802, 0.84355), fscore = c(0.79896, 
0.78243, 0.9489, 0.95203, 0.81772, 0.81846), classifier = c("cl.c45", 
"cl.nb", "cl.nn", "cl.rf", "cl.svm", "cl.mlp")), .Names = c("accruacy", 
"error", "precision", "recall", "fscore", "classifier"), row.names = c(NA, 
-6L), class = "data.frame"), structure(list(accruacy = c(0.81583, 
0.79258, 0.92764, 0.93082, 0.81181, 0.80412), error = c(0.18417, 
0.20742, 0.07236, 0.06918, 0.18819, 0.19588), precision = c(0.81745, 
0.79162, 0.92987, 0.93003, 0.81468, 0.80965), recall = c(0.8268, 
0.80632, 0.93509, 0.93483, 0.83133, 0.81706), fscore = c(0.81724, 
0.7884, 0.92746, 0.92829, 0.80928, 0.80132), classifier = c("cl.c45", 
"cl.nb", "cl.nn", "cl.rf", "cl.svm", "cl.mlp")), .Names = c("accruacy", 
"error", "precision", "recall", "fscore", "classifier"), row.names = c(NA, 
-6L), class = "data.frame"), structure(list(accruacy = c(0.85944, 
0.78438, 0.95996, 0.95547, 0.84423, 0.84777), error = c(0.14056, 
0.21562, 0.04004, 0.04453, 0.15577, 0.15223), precision = c(0.86252, 
0.78572, 0.96079, 0.95414, 0.84586, 0.85041), recall = c(0.87153, 
0.79684, 0.96207, 0.95824, 0.85274, 0.86102), fscore = c(0.85636, 
0.78477, 0.96008, 0.9538, 0.84148, 0.84743), classifier = c("cl.c45", 
"cl.nb", "cl.nn", "cl.rf", "cl.svm", "cl.mlp")), .Names = c("accruacy", 
"error", "precision", "recall", "fscore", "classifier"), row.names = c(NA, 
-6L), class = "data.frame"), structure(list(accruacy = c(0.8365, 
0.78327, 0.92728, 0.9393, 0.82015, 0.85185), error = c(0.1635, 
0.21673, 0.07272, 0.0607, 0.17985, 0.14815), precision = c(0.84021, 
0.78543, 0.9292, 0.93874, 0.82425, 0.85756), recall = c(0.85213, 
0.79796, 0.93486, 0.94409, 0.83106, 0.86476), fscore = c(0.83578, 
0.7827, 0.92839, 0.93946, 0.81761, 0.85384), classifier = c("cl.c45", 
"cl.nb", "cl.nn", "cl.rf", "cl.svm", "cl.mlp")), .Names = c("accruacy", 
"error", "precision", "recall", "fscore", "classifier"), row.names = c(NA, 
-6L), class = "data.frame"), structure(list(accruacy = c(0.84537, 
0.78089, 0.92734, 0.93586, 0.81268, 0.84778), error = c(0.15463, 
0.21911, 0.07266, 0.06414, 0.18732, 0.15222), precision = c(0.84577, 
0.78185, 0.92924, 0.93476, 0.8166, 0.85315), recall = c(0.86294, 
0.79608, 0.93645, 0.94831, 0.81981, 0.86314), fscore = c(0.84615, 
0.77975, 0.92851, 0.93597, 0.80904, 0.84891), classifier = c("cl.c45", 
"cl.nb", "cl.nn", "cl.rf", "cl.svm", "cl.mlp")), .Names = c("accruacy", 
"error", "precision", "recall", "fscore", "classifier"), row.names = c(NA, 
-6L), class = "data.frame"), structure(list(accruacy = c(0.87574, 
0.77921, 0.93946, 0.9553, 0.82372, 0.80706), error = c(0.12426, 
0.22079, 0.06054, 0.0447, 0.17628, 0.19294), precision = c(0.87683, 
0.77924, 0.94182, 0.95601, 0.82655, 0.80855),