exec <-
list(structure(list(accruacy = c(0.852, 0.784, 0.72, 0.936, 0.8, 
0.824), error = c(0.148, 0.216, 0.28, 0.064, 0.2, 0.176), precision = c(0.855, 
0.786, 0.727, 0.936, 0.803, 0.829), recall = c(0.852, 0.789, 
0.721, 0.935, 0.798, 0.826), fscore = c(0.853, 0.787, 0.723, 
0.936, 0.8, 0.826), classifier = c("cl.c45", "cl.nb", "cl.nn", 
"cl.rf", "cl.svm", "cl.mlp")), .Names = c("accruacy", "error", 
"precision", "recall", "fscore", "classifier"), row.names = c(NA, 
-6L), class = "data.frame"), structure(list(accruacy = c(0.852, 
0.784, 0.72, 0.936, 0.8, 0.824), error = c(0.148, 0.216, 0.28, 
0.064, 0.2, 0.176), precision = c(0.855, 0.786, 0.727, 0.937, 
0.803, 0.829), recall = c(0.852, 0.789, 0.721, 0.935, 0.798, 
0.826), fscore = c(0.853, 0.787, 0.723, 0.936, 0.8, 0.826), classifier = c("cl.c45", 
"cl.nb", "cl.nn", "cl.rf", "cl.svm", "cl.mlp")), .Names = c("accruacy", 
"error", "precision", "recall", "fscore", "classifier"), row.names = c(NA, 
-6L), class = "data.frame"), structure(list(accruacy = c(0.852, 
0.784, 0.72, 0.936, 0.8, 0.824), error = c(0.148, 0.216, 0.28, 
0.064, 0.2, 0.176), precision = c(0.855, 0.786, 0.727, 0.937, 
0.803, 0.829), recall = c(0.852, 0.789, 0.721, 0.936, 0.798, 
0.826), fscore = c(0.853, 0.787, 0.723, 0.936, 0.8, 0.826), classifier = c("cl.c45", 
"cl.nb", "cl.nn", "cl.rf", "cl.svm", "cl.mlp")), .Names = c("accruacy", 
"error", "precision", "recall", "fscore", "classifier"), row.names = c(NA, 
-6L), class = "data.frame"), structure(list(accruacy = c(0.852, 
0.784, 0.72, 0.936, 0.8, 0.824), error = c(0.148, 0.216, 0.28, 
0.064, 0.2, 0.176), precision = c(0.855, 0.786, 0.727, 0.938, 
0.803, 0.829), recall = c(0.852, 0.789, 0.721, 0.936, 0.798, 
0.826), fscore = c(0.853, 0.787, 0.723, 0.936, 0.8, 0.826), classifier = c("cl.c45", 
"cl.nb", "cl.nn", "cl.rf", "cl.svm", "cl.mlp")), .Names = c("accruacy", 
"error", "precision", "recall", "fscore", "classifier"), row.names = c(NA, 
-6L), class = "data.frame"), structure(list(accruacy = c(0.852, 
0.784, 0.72, 0.944, 0.8, 0.824), error = c(0.148, 0.216, 0.28, 
0.056, 0.2, 0.176), precision = c(0.855, 0.786, 0.727, 0.944, 
0.803, 0.829), recall = c(0.852, 0.789, 0.721, 0.943, 0.798, 
0.826), fscore = c(0.853, 0.787, 0.723, 0.943, 0.8, 0.826), classifier = c("cl.c45", 
"cl.nb", "cl.nn", "cl.rf", "cl.svm", "cl.mlp")), .Names = c("accruacy", 
"error", "precision", "recall", "fscore", "classifier"), row.names = c(NA, 
-6L), class = "data.frame"), structure(list(accruacy = c(0.852, 
0.784, 0.72, 0.94, 0.8, 0.824), error = c(0.148, 0.216, 0.28, 
0.06, 0.2, 0.176), precision = c(0.855, 0.786, 0.727, 0.94, 0.803, 
0.829), recall = c(0.852, 0.789, 0.721, 0.939, 0.798, 0.826), 
    fscore = c(0.853, 0.787, 0.723, 0.94, 0.8, 0.826), classifier = c("cl.c45", 
    "cl.nb", "cl.nn", "cl.rf", "cl.svm", "cl.mlp")), .Names = c("accruacy", 
"error", "precision", "recall", "fscore", "classifier"), row.names = c(NA, 
-6L), class = "data.frame"), structure(list(accruacy = c(0.852, 
0.784, 0.72, 0.944, 0.8, 0.824), error = c(0.148, 0.216, 0.28, 
0.056, 0.2, 0.176), precision = c(0.855, 0.786, 0.727, 0.945, 
0.803, 0.829), recall = c(0.852, 0.789, 0.721, 0.944, 0.798, 
0.826), fscore = c(0.853, 0.787, 0.723, 0.944, 0.8, 0.826), classifier = c("cl.c45", 
"cl.nb", "cl.nn", "cl.rf", "cl.svm", "cl.mlp")), .Names = c("accruacy", 
"error", "precision", "recall", "fscore", "classifier"), row.names = c(NA, 
-6L), class = "data.frame"), structure(list(accruacy = c(0.852, 
0.784, 0.72, 0.944, 0.8, 0.824), error = c(0.148, 0.216, 0.28, 
0.056, 0.2, 0.176), precision = c(0.855, 0.786, 0.727, 0.944, 
0.803, 0.829), recall = c(0.852, 0.789, 0.721, 0.943, 0.798, 
0.826), fscore = c(0.853, 0.787, 0.723, 0.944, 0.8, 0.826), classifier = c("cl.c45", 
"cl.nb", "cl.nn", "cl.rf", "cl.svm", "cl.mlp")), .Names = c("accruacy", 
"error", "precision", "recall", "fscore", "classifier"), row.names = c(NA, 
-6L), class = "data.frame"), structure(list(accruacy = c(0.852, 
0.784, 0.72, 0.932, 0.8, 0.824), error = c(0.148, 0.216, 0.28, 
0.068, 0.2, 0.176), precision = c(0.855, 0.786, 0.727, 0.934, 
0.803, 0.829), recall = c(0.852, 0.789, 0.721, 0.931, 0.798, 
0.826), fscore = c(0.853, 0.787, 0.723, 0.932, 0.8, 0.826), classifier = c("cl.c45", 
"cl.nb", "cl.nn", "cl.rf", "cl.svm", "cl.mlp")), .Names = c("accruacy", 
"error", "precision", "recall", "fscore", "classifier"), row.names = c(NA, 
-6L), class = "data.frame"), structure(list(accruacy = c(0.852, 
0.784, 0.72, 0.94, 0.8, 0.824), error = c(0.148, 0.216, 0.28, 
0.06, 0.2, 0.176), precision = c(0.855, 0.786, 0.727, 0.941, 
0.803, 0.829), recall = c(0.852, 0.789, 0.721, 0.94, 0.798, 0.826
), fscore = c(0.853, 0.787, 0.723, 0.94, 0.8, 0.826), classifier = c("cl.c45", 
"cl.nb", "cl.nn", "cl.rf", "cl.svm", "cl.mlp")), .Names = c("accruacy", 
"error", "precision", "recall", "fscore", "classifier"), row.names = c(NA, 
-6L), class = "data.frame"), structure(list(accruacy = c(0.852, 
0.784, 0.72, 0.948, 0.8, 0.824), error = c(0.148, 0.216, 0.28, 
0.052, 0.2, 0.176), precision = c(0.855, 0.786, 0.727, 0.949, 
0.803, 0.829), recall = c(0.852, 0.789, 0.721, 0.947, 0.798, 
0.826), fscore = c(0.853, 0.787, 0.723, 0.948, 0.8, 0.826), classifier = c("cl.c45", 
"cl.nb", "cl.nn", "cl.rf", "cl.svm", "cl.mlp")), .Names = c("accruacy", 
"error", "precision", "recall", "fscore", "classifier"), row.names = c(NA, 
-6L), class = "data.frame"), structure(list(accruacy = c(0.852, 
0.784, 0.72, 0.928, 0.8, 0.824), error = c(0.148, 0.216, 0.28, 
0.072, 0.2, 0.176), precision = c(0.855, 0.786, 0.727, 0.929, 
0.803, 0.829), recall = c(0.852, 0.789, 0.721, 0.927, 0.798, 
0.826), fscore = c(0.853, 0.787, 0.723, 0.928, 0.8, 0.826), classifier = c("cl.c45", 
"cl.nb", "cl.nn", "cl.rf", "cl.svm", "cl.mlp")), .Names = c("accruacy", 
"error", "precision", "recall", "fscore", "classifier"), row.names = c(NA, 
-6L), class = "data.frame"), structure(list(accruacy = c(0.852, 
0.784, 0.72, 0.936, 0.8, 0.824), error = c(0.148, 0.216, 0.28, 
0.064, 0.2, 0.176), precision = c(0.855, 0.786, 0.727, 0.937, 
0.803, 0.829), recall = c(0.852, 0.789, 0.721, 0.935, 0.798, 
0.826), fscore = c(0.853, 0.787, 0.723, 0.936, 0.8, 0.826), classifier = c("cl.c45", 
"cl.nb", "cl.nn", "cl.rf", "cl.svm", "cl.mlp")), .Names = c("accruacy", 
"error", "precision", "recall", "fscore", "classifier"), row.names = c(NA, 
-6L), class = "data.frame"), structure(list(accruacy = c(0.852, 
0.784, 0.72, 0.936, 0.8, 0.824), error = c(0.148, 0.216, 0.28, 
0.064, 0.2, 0.176), precision = c(0.855, 0.786, 0.727, 0.937, 
0.803, 0.829), recall = c(0.852, 0.789, 0.721, 0.935, 0.798, 
0.826), fscore = c(0.853, 0.787, 0.723, 0.936, 0.8, 0.826), classifier = c("cl.c45", 
"cl.nb", "cl.nn", "cl.rf", "cl.svm", "cl.mlp")), .Names = c("accruacy", 
"error", "precision", "recall", "fscore", "classifier"), row.names = c(NA, 
-6L), class = "data.frame"), structure(list(accruacy = c(0.852, 
0.784, 0.72, 0.932, 0.8, 0.824), error = c(0.148, 0.216, 0.28, 
0.068, 0.2, 0.176), precision = c(0.855, 0.786, 0.727, 0.934, 
0.803, 0.829), recall = c(0.852, 0.789, 0.721, 0.931, 0.798, 
0.826), fscore = c(0.853, 0.787, 0.723, 0.932, 0.8, 0.826), classifier = c("cl.c45", 
"cl.nb", "cl.nn", "cl.rf", "cl.svm", "cl.mlp")), .Names = c("accruacy", 
"error", "precision", "recall", "fscore", "classifier"), row.names = c(NA, 
-6L), class = "data.frame"), structure(list(accruacy = c(0.852, 
0.784, 0.72, 0.94, 0.8, 0.824), error = c(0.148, 0.216, 0.28, 
0.06, 0.2, 0.176), precision = c(0.855, 0.786, 0.727, 0.941, 
0.803, 0.829), recall = c(0.852, 0.789, 0.721, 0.939, 0.798, 
0.826), fscore = c(0.853, 0.787, 0.723, 0.94, 0.8, 0.826), classifier = c("cl.c45", 
"cl.nb", "cl.nn", "cl.rf", "cl.svm", "cl.mlp")), .Names = c("accruacy", 
"error", "precision", "recall", "fscore", "classifier"), row.names = c(NA, 
-6L), class = "data.frame"), structure(list(accruacy = c(0.852, 
0.784, 0.72, 0.948, 0.8, 0.824), error = c(0.148, 0.216, 0.28, 
0.052, 0.2, 0.176),