exit <-
structure(list(acc.mean = c(0.852, 0.784, 0.72, 0.9384, 0.8, 
0.824), acc.sd = c(0, 0, 0, 0.00531491071063438, 0, 0), err.mean = c(0.148, 
0.216, 0.28, 0.0616, 0.2, 0.176), err.sd = c(0, 0, 0, 0.00531491071063932, 
0, 0), prec.mean = c(0.855, 0.786, 0.727, 0.939266666666667, 
0.803, 0.829), prec.sd = c(0, 0, 0, 0.00503048179863533, 0, 0
), recall.mean = c(0.852, 0.789, 0.721, 0.937733333333333, 0.798, 
0.826), recall.sd = c(0, 0, 0, 0.0053364933167458, 0, 0), fsc.mean = c(0.853, 
0.787, 0.723, 0.938366666666667, 0.8, 0.826), fsc.sds = c(0, 
0, 0, 0.00528160982076231, 0, 0), classifier = c("cl.c45", "cl.nb", 
"cl.nn", "cl.rf", "cl.svm", "cl.mlp")), .Names = c("acc.mean", 
"acc.sd", "err.mean", "err.sd", "prec.mean", "prec.sd", "recall.mean", 
"recall.sd", "fsc.mean", "fsc.sds", "classifier"), row.names = c(NA, 
-6L), class = "data.frame")
