exec <-
list(structure(list(accruacy = c(0.83991, 0.78355, 0.70894, 0.91998, 
0.8079, 0.81189), error = c(0.16009, 0.21645, 0.29106, 0.08002, 
0.1921, 0.18811), precision = c(0.84178, 0.78444, 0.7145, 0.92135, 
0.81085, 0.81706), recall = c(0.85169, 0.79322, 0.72467, 0.92314, 
0.80952, 0.82229), fscore = c(0.83922, 0.78419, 0.71224, 0.91957, 
0.80681, 0.81249), classifier = c("cl.c45", "cl.nb", "cl.nn", 
"cl.rf", "cl.svm", "cl.mlp")), .Names = c("accruacy", "error", 
"precision", "recall", "fscore", "classifier"), row.names = c(NA, 
-6L), class = "data.frame"), structure(list(accruacy = c(0.81201, 
0.78428, 0.71606, 0.90841, 0.82833, 0.82081), error = c(0.18799, 
0.21572, 0.28394, 0.09159, 0.17167, 0.17919), precision = c(0.81594, 
0.78646, 0.72383, 0.91038, 0.83159, 0.82673), recall = c(0.83525, 
0.79835, 0.7288, 0.91613, 0.83675, 0.84117), fscore = c(0.80864, 
0.78468, 0.71691, 0.90712, 0.82618, 0.8188), classifier = c("cl.c45", 
"cl.nb", "cl.nn", "cl.rf", "cl.svm", "cl.mlp")), .Names = c("accruacy", 
"error", "precision", "recall", "fscore", "classifier"), row.names = c(NA, 
-6L), class = "data.frame"), structure(list(accruacy = c(0.82438, 
0.78, 0.71052, 0.93277, 0.81099, 0.80326), error = c(0.17562, 
0.22, 0.28948, 0.06723, 0.18901, 0.19674), precision = c(0.82462, 
0.78217, 0.7162, 0.93342, 0.81503, 0.8105), recall = c(0.83996, 
0.79609, 0.71826, 0.93497, 0.82068, 0.82618), fscore = c(0.82475, 
0.78149, 0.7103, 0.93213, 0.80408, 0.7997), classifier = c("cl.c45", 
"cl.nb", "cl.nn", "cl.rf", "cl.svm", "cl.mlp")), .Names = c("accruacy", 
"error", "precision", "recall", "fscore", "classifier"), row.names = c(NA, 
-6L), class = "data.frame"), structure(list(accruacy = c(0.79591, 
0.7836, 0.71252, 0.92414, 0.7996, 0.79975), error = c(0.20409, 
0.2164, 0.28748, 0.07586, 0.2004, 0.20025), precision = c(0.80104, 
0.78802, 0.72082, 0.92889, 0.80388, 0.80811), recall = c(0.81403, 
0.80339, 0.73008, 0.93129, 0.80778, 0.81439), fscore = c(0.79361, 
0.7855, 0.71718, 0.92282, 0.79583, 0.79795), classifier = c("cl.c45", 
"cl.nb", "cl.nn", "cl.rf", "cl.svm", "cl.mlp")), .Names = c("accruacy", 
"error", "precision", "recall", "fscore", "classifier"), row.names = c(NA, 
-6L), class = "data.frame"), structure(list(accruacy = c(0.82372, 
0.78018, 0.71595, 0.92025, 0.81538, 0.79189), error = c(0.17628, 
0.21982, 0.28405, 0.07975, 0.18462, 0.20811), precision = c(0.82691, 
0.78188, 0.72315, 0.92349, 0.81778, 0.80094), recall = c(0.83691, 
0.79067, 0.72902, 0.92976, 0.82036, 0.80293), fscore = c(0.82213, 
0.78059, 0.71589, 0.92033, 0.81322, 0.79083), classifier = c("cl.c45", 
"cl.nb", "cl.nn", "cl.rf", "cl.svm", "cl.mlp")), .Names = c("accruacy", 
"error", "precision", "recall", "fscore", "classifier"), row.names = c(NA, 
-6L), class = "data.frame"), structure(list(accruacy = c(0.85644, 
0.78859, 0.74394, 0.92431, 0.8126, 0.79229), error = c(0.14356, 
0.21141, 0.25606, 0.07569, 0.1874, 0.20771), precision = c(0.85821, 
0.78924, 0.75145, 0.92741, 0.81637, 0.79633), recall = c(0.86601, 
0.80997, 0.77807, 0.9338, 0.82508, 0.80827), fscore = c(0.85603, 
0.78978, 0.73964, 0.92372, 0.81201, 0.79332), classifier = c("cl.c45", 
"cl.nb", "cl.nn", "cl.rf", "cl.svm", "cl.mlp")), .Names = c("accruacy", 
"error", "precision", "recall", "fscore", "classifier"), row.names = c(NA, 
-6L), class = "data.frame"), structure(list(accruacy = c(0.81956, 
0.77662, 0.71674, 0.92842, 0.81202, 0.81253), error = c(0.18044, 
0.22338, 0.28326, 0.07158, 0.18798, 0.18747), precision = c(0.81765, 
0.77804, 0.72386, 0.93067, 0.81457, 0.81678), recall = c(0.83289, 
0.79198, 0.74339, 0.93295, 0.81429, 0.83127), fscore = c(0.81793, 
0.77818, 0.72064, 0.92841, 0.80984, 0.81124), classifier = c("cl.c45", 
"cl.nb", "cl.nn", "cl.rf", "cl.svm", "cl.mlp")), .Names = c("accruacy", 
"error", "precision", "recall", "fscore", "classifier"), row.names = c(NA, 
-6L), class = "data.frame"), structure(list(accruacy = c(0.82689, 
0.78238, 0.70357, 0.93578, 0.81488, 0.81618), error = c(0.17311, 
0.21762, 0.29643, 0.06422, 0.18512, 0.18382), precision = c(0.83072, 
0.78261, 0.70838, 0.9346, 0.81408, 0.82001), recall = c(0.8396, 
0.80127, 0.71744, 0.94403, 0.81915, 0.83421), fscore = c(0.82794, 
0.78213, 0.70297, 0.93335, 0.80961, 0.81596), classifier = c("cl.c45", 
"cl.nb", "cl.nn", "cl.rf", "cl.svm", "cl.mlp")), .Names = c("accruacy", 
"error", "precision", "recall", "fscore", "classifier"), row.names = c(NA, 
-6L), class = "data.frame"), structure(list(accruacy = c(0.79319, 
0.75992, 0.70049, 0.93207, 0.79962, 0.80759), error = c(0.20681, 
0.24008, 0.29951, 0.06793, 0.20038, 0.19241), precision = c(0.79873, 
0.76046, 0.70736, 0.93137, 0.80115, 0.80897), recall = c(0.80552, 
0.77398, 0.70832, 0.93701, 0.80834, 0.81508), fscore = c(0.79442, 
0.75979, 0.70089, 0.93187, 0.79382, 0.80389), classifier = c("cl.c45", 
"cl.nb", "cl.nn", "cl.rf", "cl.svm", "cl.mlp")), .Names = c("accruacy", 
"error", "precision", "recall", "fscore", "classifier"), row.names = c(NA, 
-6L), class = "data.frame"), structure(list(accruacy = c(0.81166, 
0.78026, 0.70003, 0.91605, 0.82478, 0.81246), error = c(0.18834, 
0.21974, 0.29997, 0.08395, 0.17522, 0.18754), precision = c(0.81277, 
0.78029, 0.70432, 0.91695, 0.82614, 0.81323), recall = c(0.82474, 
0.79886, 0.71963, 0.9266, 0.83411, 0.82832), fscore = c(0.81163, 
0.77974, 0.7001, 0.91591, 0.82542, 0.80894), classifier = c("cl.c45", 
"cl.nb", "cl.nn", "cl.rf", "cl.svm", "cl.mlp")), .Names = c("accruacy", 
"error", "precision", "recall", "fscore", "classifier"), row.names = c(NA, 
-6L), class = "data.frame"), structure(list(accruacy = c(0.81654, 
0.78398, 0.70107, 0.92508, 0.81317, 0.79268), error = c(0.18346, 
0.21602, 0.29893, 0.07492, 0.18683, 0.20732), precision = c(0.82015, 
0.78444, 0.70632, 0.9272, 0.8136, 0.79724), recall = c(0.82894, 
0.8058, 0.71548, 0.93449, 0.83101, 0.81101), fscore = c(0.81467, 
0.78368, 0.70324, 0.92385, 0.81124, 0.79338), classifier = c("cl.c45", 
"cl.nb", "cl.nn", "cl.rf", "cl.svm", "cl.mlp")), .Names = c("accruacy", 
"error", "precision", "recall", "fscore", "classifier"), row.names = c(NA, 
-6L), class = "data.frame"), structure(list(accruacy = c(0.81896, 
0.79083, 0.7064, 0.92005, 0.81375, 0.81972), error = c(0.18104, 
0.20917, 0.2936, 0.07995, 0.18625, 0.18028), precision = c(0.81856, 
0.79343, 0.71352, 0.91998, 0.81649, 0.82484), recall = c(0.83269, 
0.81891, 0.72735, 0.92937, 0.84109, 0.83659), fscore = c(0.81723, 
0.79003, 0.70629, 0.91898, 0.80852, 0.8184), classifier = c("cl.c45", 
"cl.nb", "cl.nn", "cl.rf", "cl.svm", "cl.mlp")), .Names = c("accruacy", 
"error", "precision", "recall", "fscore", "classifier"), row.names = c(NA, 
-6L), class = "data.frame"), structure(list(accruacy = c(0.8444, 
0.77616, 0.72415, 0.92027, 0.81619, 0.79233), error = c(0.1556, 
0.22384, 0.27585, 0.07973, 0.18381, 0.20767), precision = c(0.84353, 
0.77653, 0.72914, 0.91942, 0.81739, 0.79291), recall = c(0.85683, 
0.7979, 0.74026, 0.93102, 0.82565, 0.81021), fscore = c(0.84278, 
0.77555, 0.71919, 0.91801, 0.81038, 0.79004), classifier = c("cl.c45", 
"cl.nb", "cl.nn", "cl.rf", "cl.svm", "cl.mlp")), .Names = c("accruacy", 
"error", "precision", "recall", "fscore", "classifier"), row.names = c(NA, 
-6L), class = "data.frame"), structure(list(accruacy = c(0.81968, 
0.78334, 0.72839, 0.92378, 0.80383, 0.79582), error = c(0.18032, 
0.21666, 0.27161, 0.07622, 0.19617, 0.20418), precision = c(0.82031, 
0.7831, 0.73513, 0.92468, 0.80383, 0.79893), recall = c(0.82889, 
0.79731, 0.75418, 0.92833, 0.81249, 0.8069), fscore = c(0.81856, 
0.78187, 0.72695, 0.92243, 0.80042, 0.7899), classifier = c("cl.c45", 
"cl.nb", "cl.nn", "cl.rf", "cl.svm", "cl.mlp")), .Names = c("accruacy", 
"error", "precision", "recall", "fscore", "classifier"), row.names = c(NA, 
-6L), class = "data.frame"), structure(list(accruacy = c(0.85505, 
0.78795, 0.70917, 0.92875, 0.82381, 0.82879), error = c(0.14495, 
0.21205, 0.29083, 0.07125, 0.17619, 0.17121),