temp <-
structure(list(J48 = c(14, 0, 23, 17, 0, 0, 0, 0, 0, 0, 0, 0, 
0, 0, 0, 0, 0, 0, 0, 0, 0, 0, 0, 29, 0, 0, 0, 0, 0, 0, 0, 29, 
0, 0, 17, 16, 0, 0, 0, 0, 0, 0, 0, 0, 0, 0, 30, 0, 0, 0, 0, 0, 
0, 0, 0, 0, 0, 4, 0, 0, 0, 0, 0, 0, 0, 0, 0, 19, 0, 0, 23, 0, 
0, 21, 0, 0, 0, 17, 15, 0, 2, 10, 4, 6, 1, 0, 2, 0, 0, 0, 1, 
19, 30, 8, 7, 0, 0, 11, 3, 3, 0, 0, 28, 19, 0, 0, 28, 19, 0, 
8, 0, 9, 17, 0, 16, 3, 1, 30, 23, 0, 2, 6, 0, 3, 1, 2, 0, 0, 
11, 5, 0, 0, 0, 0, 7, 2, 2, 18, 0, 1, 2, 0, 0, 0, 5, 0, 0, 6, 
8, 11, 0, 0, 0, 4, 4, 8, 2, 1, 0, 1, 14, 0, 1, 12, 2, 0, 1, 16, 
30, 9, 1, 3, 6, 0, 0, 5, 6, 21, 2, 29, 0, 24, 6, 14, 2, 5, 8, 
1, 0, 2, 0, 0, 30, 0, 0, 7, 8, 3, 9, 3, 10, 0, 6, 0, 0, 0, 1, 
5, 2, 1, 7, 1, 9, 6, 0, 6, 0, 5, 17, 0, 0, 0, 2, 2, 6, 9, 0, 
0, 0, 1, 9, 13, 10, 30, 21, 4, 1, 3, 0, 0, 0, 22, 9, 0, 1, 2, 
0, 0, 4, 1), NB = c(30, 0, 0, 0, 0, 0, 0, 0, 12, 0, 0, 30, 0, 
0, 0, 0, 1, 0, 0, 0, 30, 30, 0, 10, 0, 0, 0, 0, 0, 0, 0, 0, 0, 
0, 30, 0, 0, 0, 0, 0, 0, 28, 0, 0, 0, 1, 0, 30, 0, 0, 0, 0, 0, 
0, 0, 0, 0, 30, 0, 0, 22, 0, 0, 0, 30, 9, 0, 30, 0, 0, 5, 0, 
0, 0, 0, 0, 1, 0, 30, 0, 0, 0, 0, 30, 0, 0, 0, 0, 0, 0, 0, 0, 
30, 0, 0, 0, 0, 13, 0, 30, 0, 0, 30, 0, 0, 0, 0, 0, 0, 30, 0, 
30, 0, 0, 0, 30, 0, 30, 19, 0, 30, 0, 0, 30, 0, 30, 0, 1, 0, 
0, 4, 0, 0, 0, 30, 30, 0, 0, 0, 0, 30, 0, 0, 0, 30, 0, 0, 0, 
30, 30, 0, 0, 0, 0, 0, 0, 0, 0, 0, 0, 30, 0, 30, 0, 0, 0, 0, 
0, 0, 0, 0, 0, 0, 0, 0, 0, 0, 30, 0, 30, 0, 30, 30, 6, 0, 30, 
0, 29, 30, 0, 0, 0, 0, 0, 0, 0, 30, 0, 27, 0, 18, 0, 30, 0, 0, 
0, 0, 0, 0, 22, 0, 0, 12, 30, 30, 0, 0, 0, 30, 0, 0, 0, 0, 0, 
0, 0, 0, 0, 0, 0, 30, 20, 0, 0, 0, 30, 0, 30, 0, 0, 0, 30, 0, 
0, 0, 0, 0, 0, 30, 30), `3NN` = c(3, 0, 1, 0, 0, 0, 0, 0, 1, 
0, 0, 27, 0, 0, 0, 0, 0, 27, 0, 0, 4, 0, 0, 30, 2, 0, 0, 0, 0, 
0, 0, 3, 0, 27, 4, 2, 0, 0, 5, 0, 0, 25, 0, 0, 0, 2, 2, 0, 0, 
0, 0, 0, 0, 0, 4, 26, 0, 29, 0, 0, 0, 0, 0, 0, 6, 2, 0, 3, 0, 
3, 28, 0, 0, 1, 0, 3, 0, 3, 2, 0, 28, 3, 2, 26, 0, 0, 0, 0, 0, 
0, 28, 30, 29, 28, 8, 0, 0, 0, 0, 24, 3, 0, 30, 4, 2, 0, 26, 
3, 0, 30, 0, 30, 0, 0, 0, 2, 4, 29, 2, 3, 28, 0, 0, 28, 30, 30, 
1, 29, 0, 3, 30, 0, 30, 0, 30, 4, 0, 25, 0, 11, 4, 0, 3, 0, 30, 
0, 1, 0, 30, 30, 0, 0, 0, 28, 0, 0, 0, 0, 1, 0, 30, 0, 30, 30, 
0, 1, 0, 0, 30, 30, 0, 1, 0, 0, 0, 27, 2, 24, 0, 29, 29, 30, 
28, 30, 2, 27, 30, 0, 0, 0, 30, 0, 30, 0, 0, 30, 25, 0, 30, 1, 
30, 0, 30, 0, 0, 0, 0, 28, 0, 0, 30, 0, 29, 30, 0, 29, 30, 0, 
28, 0, 0, 0, 30, 0, 0, 0, 0, 0, 2, 0, 29, 29, 30, 30, 0, 28, 
0, 30, 3, 0, 0, 30, 0, 0, 0, 0, 0, 0, 0, 30), RF = c(3, 0, 2, 
0, 0, 0, 0, 0, 0, 0, 0, 0, 0, 0, 0, 0, 0, 0, 0, 0, 0, 0, 0, 0, 
0, 0, 0, 0, 0, 0, 0, 0, 0, 0, 29, 0, 0, 0, 0, 0, 0, 0, 0, 0, 
0, 0, 0, 0, 0, 0, 0, 0, 0, 0, 0, 0, 0, 0, 0, 0, 0, 0, 0, 0, 0, 
0, 0, 3, 0, 0, 0, 0, 0, 2, 0, 0, 0, 0, 3, 0, 0, 0, 1, 4, 0, 0, 
0, 0, 0, 0, 0, 0, 30, 0, 1, 0, 0, 0, 0, 3, 0, 0, 30, 0, 0, 0, 
28, 24, 0, 3, 0, 3, 13, 0, 23, 2, 0, 30, 6, 0, 1, 0, 0, 30, 0, 
2, 0, 0, 0, 1, 1, 0, 0, 0, 5, 1, 0, 1, 0, 0, 1, 0, 0, 0, 4, 0, 
0, 0, 3, 3, 0, 0, 0, 0, 0, 3, 0, 0, 0, 0, 22, 0, 1, 3, 0, 0, 
0, 0, 29, 1, 0, 1, 0, 0, 0, 0, 0, 1, 0, 30, 0, 4, 30, 22, 0, 
9, 1, 0, 0, 0, 0, 0, 4, 0, 0, 0, 22, 0, 2, 0, 2, 0, 17, 0, 0, 
0, 0, 0, 0, 0, 2, 0, 2, 4, 0, 0, 0, 0, 1, 0, 0, 0, 0, 0, 0, 0, 
0, 0, 0, 0, 8, 2, 1, 4, 0, 11, 0, 2, 0, 0, 0, 4, 0, 0, 0, 0, 
0, 0, 2, 9), SVM = c(10, 0, 0, 0, 0, 0, 0, 0, 0, 0, 0, 8, 0, 
0, 0, 0, 0, 0, 0, 0, 1, 2, 0, 1, 0, 0, 0, 0, 0, 0, 0, 2, 0, 0, 
30, 0, 0, 0, 0, 0, 9, 1, 0, 0, 0, 0, 0, 0, 0, 0, 0, 0, 0, 0, 
0, 0, 0, 18, 0, 0, 0, 0, 0, 0, 8, 0, 0, 12, 0, 0, 0, 0, 0, 0, 
0, 0, 0, 0, 30, 0, 0, 0, 0, 30, 0, 0, 0, 0, 0, 0, 0, 0, 30, 0, 
0, 0, 0, 0, 0, 30, 0, 0, 30, 2, 1, 0, 0, 16, 0, 27, 0, 30, 0, 
0, 9, 30, 0, 30, 2, 30, 30, 0, 0, 30, 20, 30, 0, 9, 0, 0, 30, 
0, 0, 0, 30, 30, 0, 0, 0, 0, 30, 0, 0, 0, 30, 0, 0, 0, 29, 30, 
0, 0, 0, 0, 0, 0, 0, 0, 0, 0, 30, 0, 30, 8, 0, 0, 0, 0, 0, 18, 
0, 0, 0, 0, 0, 0, 0, 30, 0, 30, 0, 30, 30, 7, 1, 30, 0, 0, 0, 
0, 0, 0, 0, 0, 0, 16, 29, 0, 30, 0, 2, 0, 30, 0, 0, 0, 0, 0, 
0, 0, 0, 0, 0, 22, 0, 18, 0, 0, 30, 0, 0, 0, 0, 0, 0, 0, 0, 0, 
0, 0, 30, 30, 24, 0, 0, 30, 0, 30, 0, 0, 0, 30, 0, 0, 0, 0, 0, 
0, 30, 30), MLP = c(18, 0, 0, 0, 0, 0, 0, 1, 1, 0, 0, 7, 0, 0, 
0, 0, 1, 0, 0, 0, 2, 10, 0, 3, 0, 0, 0, 0, 0, 0, 0, 14, 0, 0, 
30, 0, 0, 0, 0, 0, 27, 0, 0, 0, 0, 25, 8, 2, 0, 0, 0, 0, 0, 0, 
0, 2, 0, 9, 0, 0, 0, 0, 0, 0, 13, 0, 0, 21, 0, 0, 2, 0, 0, 0, 
0, 0, 0, 0, 30, 0, 0, 0, 0, 19, 1, 1, 0, 0, 13, 0, 0, 8, 29, 
0, 0, 0, 0, 4, 10, 8, 4, 0, 30, 9, 0, 0, 2, 1, 0, 2, 5, 24, 0, 
7, 18, 20, 1, 26, 0, 1, 24, 0, 0, 25, 4, 28, 21, 1, 0, 0, 3, 
1, 0, 0, 11, 23, 0, 7, 0, 0, 28, 0, 4, 10, 19, 0, 0, 9, 7, 26, 
1, 11, 0, 0, 1, 0, 0, 0, 1, 0, 30, 0, 30, 21, 0, 1, 3, 0, 6, 
24, 0, 0, 1, 0, 0, 0, 1, 25, 0, 30, 0, 30, 30, 7, 1, 26, 20, 
0, 2, 7, 5, 0, 2, 0, 0, 13, 12, 9, 18, 1, 3, 0, 30, 0, 0, 0, 
0, 15, 1, 0, 13, 7, 10, 10, 0, 4, 6, 0, 25, 0, 0, 0, 1, 0, 0, 
3, 0, 1, 0, 1, 30, 13, 26, 0, 0, 30, 0, 30, 0, 0, 0, 29, 0, 0, 
0, 0, 0, 0, 29, 30), FUZZY.W = c(28, 0, 0, 1, 0, 0, 3, 0, 26, 
0, 0, 24, 0, 0, 0, 0, 0, 23, 1, 0, 4, 0, 0, 30, 0, 0, 0, 0, 0, 
0, 0, 0, 0, 30, 2, 0, 0, 0, 4, 0, 23, 25, 0, 0, 0, 7, 1, 2, 3, 
0, 2, 0, 0, 0, 27, 26, 5, 29, 2, 1, 0, 0, 24, 0, 3, 28, 0, 29, 
0, 3, 30, 0, 0, 2, 0, 0, 27, 4, 4, 20, 11, 27, 0, 30, 5, 0, 0, 
0, 0, 0, 0, 30, 28, 27, 25, 1, 0, 0, 0, 6, 28, 0, 30, 8, 0, 0, 
29, 3, 0, 30, 0, 30, 1, 0, 1, 30, 30, 29, 30, 3, 30, 0, 3, 1, 
29, 30, 27, 1, 0, 3, 30, 0, 29, 0, 30, 23, 0, 30, 0, 0, 29, 0, 
29, 1, 30, 0, 0, 0, 30, 28, 0, 0, 4, 27, 0, 0, 0, 0, 2, 0, 30, 
1, 30, 30, 0, 1, 4, 0, 6, 30, 27, 0, 1, 0, 0, 2, 7, 0, 0, 30, 
0, 30, 30, 29, 2, 30, 2, 10, 0, 3, 30, 0, 6, 0, 0, 0, 2, 0, 5, 
3, 30, 0, 4, 0, 0, 0, 0, 4, 2, 9, 30, 0, 29, 26, 0, 3, 30, 0, 
3, 0, 0, 0, 1, 0, 1, 0, 0, 0, 4, 1, 23, 3, 29, 2, 0, 28, 0, 25, 
26, 23, 0, 30, 27, 3, 1, 0, 0, 0, 30, 9), FUZZY.CHI = c(28, 0, 
0, 0, 0, 0, 3, 0, 26, 0, 0, 24, 0, 0, 0, 0, 0, 0, 1, 0, 4, 0, 
0, 30, 0, 0, 0, 0, 0, 0, 0, 0, 0, 30, 3, 0, 0, 0, 4, 0, 23, 3, 
0, 0, 0, 7, 0, 2, 0, 0, 2, 0, 0, 0, 27, 28, 5, 29, 2, 1, 0, 0, 
4, 0, 3, 28, 0, 3, 0, 3, 30, 0, 0, 0, 0, 0, 1, 4, 4, 0, 1, 27, 
0, 24, 0, 0, 0, 0, 0, 0, 0, 30, 27, 22, 2, 0, 0, 0, 0, 30, 26, 
0, 30, 8, 0, 0, 29, 0, 0, 30, 1, 30, 0, 0, 0, 30, 1, 29, 30, 
3, 28, 0, 23, 1, 29, 30, 27, 1, 0, 3, 30, 0, 28, 0, 30, 23, 0, 
29, 0, 0, 29, 0, 28, 1, 5, 0, 0, 0, 30, 30, 0, 0, 0, 30, 0, 0, 
0, 0, 4, 28, 30, 1, 30, 30, 0, 1, 4, 0, 7, 30, 4, 0, 1, 0, 0, 
27, 7, 24, 0, 30, 0, 30, 30, 30, 2, 30, 2, 29, 0, 3, 30, 0, 6, 
0, 0, 0, 25, 0, 29, 27, 30, 0, 29, 0, 0, 30, 4, 21, 2, 28, 30, 
0, 29, 29, 0, 0, 30, 3, 28, 0, 0, 0, 5, 0, 0, 2, 0, 0, 4, 28, 
23, 27, 29, 2, 0, 28, 0, 25, 30, 26, 0, 30, 27, 3, 1, 0, 0, 3, 
30, 29)), .Names = c("J48", "NB", "3NN", "RF", "SVM", "MLP", 
"FUZZY.W", "FUZZY.CHI"),