allmeasures <-
list(structure(list(accruacy = c(0.671, 0.628, 0.69, 0.72, 0.767, 
0.711, 0.656, 0.656), error = c(0.329, 0.372, 0.31, 0.28, 0.233, 
0.289, 0.344, 0.344), precision = c(0.669, 0.625, 0.687, 0.717, 
0.764, 0.707, 0.651, 0.652), recall = c(0.691, 0.626, 0.699, 
0.726, 0.775, 0.712, 0.65, 0.652), fscore = c(0.66, 0.621, 0.688, 
0.714, 0.765, 0.705, 0.644, 0.648), classifier = c("cl.c45", 
"cl.nb", "cl.nn", "cl.rf", "cl.svm", "cl.mlp", "cl.fuzzy.w", 
"cl.fuzzy.chi")), .Names = c("accruacy", "error", "precision", 
"recall", "fscore", "classifier"), row.names = c(NA, -8L), class = "data.frame"), 
    structure(list(accruacy = c(0.663, 0.628, 0.685, 0.72, 0.745, 
    0.715, 0.635, 0.623), error = c(0.337, 0.372, 0.315, 0.28, 
    0.255, 0.285, 0.365, 0.377), precision = c(0.66, 0.624, 0.681, 
    0.716, 0.742, 0.711, 0.631, 0.619), recall = c(0.664, 0.624, 
    0.692, 0.721, 0.75, 0.732, 0.639, 0.624), fscore = c(0.656, 
    0.619, 0.679, 0.712, 0.741, 0.709, 0.625, 0.615), classifier = c("cl.c45", 
    "cl.nb", "cl.nn", "cl.rf", "cl.svm", "cl.mlp", "cl.fuzzy.w", 
    "cl.fuzzy.chi")), .Names = c("accruacy", "error", "precision", 
    "recall", "fscore", "classifier"), row.names = c(NA, -8L), class = "data.frame"), 
    structure(list(accruacy = c(0.664, 0.63, 0.679, 0.68, 0.757, 
    0.693, 0.646, 0.628), error = c(0.336, 0.37, 0.321, 0.32, 
    0.243, 0.307, 0.354, 0.372), precision = c(0.662, 0.627, 
    0.673, 0.677, 0.755, 0.687, 0.641, 0.625), recall = c(0.669, 
    0.629, 0.688, 0.687, 0.762, 0.693, 0.651, 0.63), fscore = c(0.66, 
    0.624, 0.67, 0.676, 0.754, 0.679, 0.635, 0.62), classifier = c("cl.c45", 
    "cl.nb", "cl.nn", "cl.rf", "cl.svm", "cl.mlp", "cl.fuzzy.w", 
    "cl.fuzzy.chi")), .Names = c("accruacy", "error", "precision", 
    "recall", "fscore", "classifier"), row.names = c(NA, -8L), class = "data.frame"), 
    structure(list(accruacy = c(0.649, 0.639, 0.693, 0.711, 0.748, 
    0.706, 0.656, 0.654), error = c(0.351, 0.361, 0.307, 0.289, 
    0.252, 0.294, 0.344, 0.346), precision = c(0.646, 0.637, 
    0.69, 0.709, 0.745, 0.702, 0.651, 0.65), recall = c(0.654, 
    0.647, 0.702, 0.718, 0.749, 0.706, 0.664, 0.659), fscore = c(0.644, 
    0.633, 0.688, 0.707, 0.743, 0.698, 0.644, 0.646), classifier = c("cl.c45", 
    "cl.nb", "cl.nn", "cl.rf", "cl.svm", "cl.mlp", "cl.fuzzy.w", 
    "cl.fuzzy.chi")), .Names = c("accruacy", "error", "precision", 
    "recall", "fscore", "classifier"), row.names = c(NA, -8L), class = "data.frame"), 
    structure(list(accruacy = c(0.681, 0.624, 0.701, 0.733, 0.755, 
    0.703, 0.629, 0.624), error = c(0.319, 0.376, 0.299, 0.267, 
    0.245, 0.297, 0.371, 0.376), precision = c(0.681, 0.619, 
    0.698, 0.73, 0.752, 0.698, 0.626, 0.62), recall = c(0.689, 
    0.627, 0.715, 0.74, 0.764, 0.706, 0.635, 0.626), fscore = c(0.677, 
    0.613, 0.695, 0.726, 0.75, 0.691, 0.622, 0.618), classifier = c("cl.c45", 
    "cl.nb", "cl.nn", "cl.rf", "cl.svm", "cl.mlp", "cl.fuzzy.w", 
    "cl.fuzzy.chi")), .Names = c("accruacy", "error", "precision", 
    "recall", "fscore", "classifier"), row.names = c(NA, -8L), class = "data.frame"), 
    structure(list(accruacy = c(0.679, 0.632, 0.703, 0.721, 0.763, 
    0.726, 0.654, 0.649), error = c(0.321, 0.368, 0.297, 0.279, 
    0.237, 0.274, 0.346, 0.351), precision = c(0.678, 0.629, 
    0.699, 0.717, 0.76, 0.722, 0.649, 0.645), recall = c(0.69, 
    0.63, 0.708, 0.729, 0.772, 0.733, 0.653, 0.647), fscore = c(0.672, 
    0.627, 0.699, 0.716, 0.759, 0.719, 0.645, 0.644), classifier = c("cl.c45", 
    "cl.nb", "cl.nn", "cl.rf", "cl.svm", "cl.mlp", "cl.fuzzy.w", 
    "cl.fuzzy.chi")), .Names = c("accruacy", "error", "precision", 
    "recall", "fscore", "classifier"), row.names = c(NA, -8L), class = "data.frame"), 
    structure(list(accruacy = c(0.641, 0.643, 0.681, 0.727, 0.755, 
    0.705, 0.643, 0.651), error = c(0.359, 0.357, 0.319, 0.273, 
    0.245, 0.295, 0.357, 0.349), precision = c(0.638, 0.642, 
    0.676, 0.725, 0.753, 0.701, 0.639, 0.648), recall = c(0.651, 
    0.643, 0.693, 0.732, 0.761, 0.709, 0.647, 0.658), fscore = c(0.639, 
    0.637, 0.677, 0.723, 0.752, 0.697, 0.628, 0.643), classifier = c("cl.c45", 
    "cl.nb", "cl.nn", "cl.rf", "cl.svm", "cl.mlp", "cl.fuzzy.w", 
    "cl.fuzzy.chi")), .Names = c("accruacy", "error", "precision", 
    "recall", "fscore", "classifier"), row.names = c(NA, -8L), class = "data.frame"), 
    structure(list(accruacy = c(0.649, 0.624, 0.693, 0.7, 0.76, 
    0.703, 0.649, 0.656), error = c(0.351, 0.376, 0.307, 0.3, 
    0.24, 0.297, 0.351, 0.344), precision = c(0.648, 0.62, 0.689, 
    0.697, 0.759, 0.699, 0.643, 0.651), recall = c(0.66, 0.627, 
    0.698, 0.705, 0.769, 0.706, 0.65, 0.661), fscore = c(0.648, 
    0.615, 0.687, 0.697, 0.757, 0.697, 0.634, 0.647), classifier = c("cl.c45", 
    "cl.nb", "cl.nn", "cl.rf", "cl.svm", "cl.mlp", "cl.fuzzy.w", 
    "cl.fuzzy.chi")), .Names = c("accruacy", "error", "precision", 
    "recall", "fscore", "classifier"), row.names = c(NA, -8L), class = "data.frame"), 
    structure(list(accruacy = c(0.658, 0.614, 0.68, 0.71, 0.745, 
    0.72, 0.646, 0.639), error = c(0.342, 0.386, 0.32, 0.29, 
    0.255, 0.28, 0.354, 0.361), precision = c(0.656, 0.612, 0.677, 
    0.707, 0.743, 0.717, 0.642, 0.636), recall = c(0.668, 0.611, 
    0.685, 0.72, 0.749, 0.732, 0.647, 0.639), fscore = c(0.651, 
    0.607, 0.674, 0.707, 0.742, 0.711, 0.629, 0.634), classifier = c("cl.c45", 
    "cl.nb", "cl.nn", "cl.rf", "cl.svm", "cl.mlp", "cl.fuzzy.w", 
    "cl.fuzzy.chi")), .Names = c("accruacy", "error", "precision", 
    "recall", "fscore", "classifier"), row.names = c(NA, -8L), class = "data.frame"), 
    structure(list(accruacy = c(0.664, 0.619, 0.687, 0.713, 0.77, 
    0.73, 0.658, 0.625), error = c(0.336, 0.381, 0.313, 0.287, 
    0.23, 0.27, 0.342, 0.375), precision = c(0.663, 0.617, 0.684, 
    0.711, 0.768, 0.727, 0.654, 0.622), recall = c(0.674, 0.616, 
    0.704, 0.721, 0.776, 0.744, 0.666, 0.631), fscore = c(0.657, 
    0.612, 0.682, 0.708, 0.763, 0.727, 0.649, 0.62), classifier = c("cl.c45", 
    "cl.nb", "cl.nn", "cl.rf", "cl.svm", "cl.mlp", "cl.fuzzy.w", 
    "cl.fuzzy.chi")), .Names = c("accruacy", "error", "precision", 
    "recall", "fscore", "classifier"), row.names = c(NA, -8L), class = "data.frame"), 
    structure(list(accruacy = c(0.666, 0.634, 0.693, 0.731, 0.77, 
    0.711, 0.664, 0.654), error = c(0.334, 0.366, 0.307, 0.269, 
    0.23, 0.289, 0.336, 0.346), precision = c(0.665, 0.632, 0.69, 
    0.729, 0.77, 0.707, 0.661, 0.652), recall = c(0.674, 0.634, 
    0.699, 0.734, 0.769, 0.726, 0.68, 0.662), fscore = c(0.662, 
    0.628, 0.689, 0.727, 0.765, 0.7, 0.655, 0.648), classifier = c("cl.c45", 
    "cl.nb", "cl.nn", "cl.rf", "cl.svm", "cl.mlp", "cl.fuzzy.w", 
    "cl.fuzzy.chi")), .Names = c("accruacy", "error", "precision", 
    "recall", "fscore", "classifier"), row.names = c(NA, -8L), class = "data.frame"), 
    structure(list(accruacy = c(0.67, 0.626, 0.703, 0.717, 0.765, 
    0.715, 0.643, 0.646), error = c(0.33, 0.374, 0.297, 0.283, 
    0.235, 0.285, 0.357, 0.354), precision = c(0.669, 0.624, 
    0.699, 0.715, 0.763, 0.71, 0.639, 0.643), recall = c(0.675, 
    0.631, 0.712, 0.716, 0.771, 0.723, 0.636, 0.644), fscore = c(0.664, 
    0.617, 0.696, 0.71, 0.761, 0.703, 0.629, 0.639), classifier = c("cl.c45", 
    "cl.nb", "cl.nn", "cl.rf", "cl.svm", "cl.mlp", "cl.fuzzy.w", 
    "cl.fuzzy.chi")), .Names = c("accruacy", "error", "precision", 
    "recall", "fscore", "classifier"), row.names = c(NA, -8L), class = "data.frame"), 
    structure(list(accruacy = c(0.681, 0.616, 0.693, 0.722, 0.749, 
    0.73, 0.638, 0.648), error = c(0.319, 0.384, 0.307, 0.278, 
    0.251, 0.27, 0.362, 0.352), precision = c(0.68, 0.612, 0.691, 
    0.72, 0.747, 0.727, 0.636, 0.647), recall = c(0.684, 0.614, 
    0.698, 0.726, 0.752, 0.735, 0.644, 0.65), fscore = c(0.677, 
    0.609, 0.686, 0.718, 0.745, 0.722, 0.629, 0.642),