df <-
structure(list(acc.mean = c(0.840066666666667, 0.781133333333333, 
0.9393, 0.945566666666667, 0.823066666666667, 0.830266666666667, 
0.925933333333333, 0.932566666666667), acc.sd = c(0.0202296016176591, 
0.00591743964515254, 0.0145487290593157, 0.0138132453509824, 
0.00999632116238813, 0.0136582255962032, 0.0140047610951895, 
0.0135613124513189), err.mean = c(0.159933333333333, 0.218866666666667, 
0.0607, 0.0544333333333333, 0.176933333333333, 0.169733333333333, 
0.0740666666666667, 0.0674333333333333), err.sd = c(0.0202296016176591, 
0.00591743964515254, 0.0145487290593158, 0.0138132453509824, 
0.00999632116238815, 0.0136582255962032, 0.0140047610951895, 
0.013561312451319), prec.mean = c(0.841566666666667, 0.783, 0.9406, 
0.945666666666667, 0.826066666666667, 0.833766666666667, 0.925, 
0.933366666666667), prec.sd = c(0.0199701213598325, 0.00584866621989358, 
0.0141387215926993, 0.0139366382265405, 0.0103221667510645, 0.0137456785267559, 
0.0138439579750082, 0.013246947165117), recall.mean = c(0.853166666666667, 
0.797433333333333, 0.945633333333333, 0.9519, 0.833866666666667, 
0.844333333333333, 0.935, 0.939266666666667), recall.sd = c(0.0213252049888411, 
0.00905798688654281, 0.0132989067046968, 0.0119578281963078, 
0.0105593016139664, 0.0122202018532156, 0.0124346567968389, 0.012522898566456
), fsc.mean = c(0.8386, 0.7811, 0.9391, 0.944833333333333, 0.819466666666667, 
0.828566666666667, 0.925, 0.9319), fsc.sds = c(0.0206006360799018, 
0.00514848487923624, 0.0147258861919387, 0.0144510668579635, 
0.0103847810839189, 0.0143158540842284, 0.0140516289398087, 0.0135375595009359
), classifier = c("cl.c45", "cl.nb", "cl.nn", "cl.rf", "cl.svm", 
"cl.mlp", "cl.fuzzy.w", "cl.fuzzy.chi")), .Names = c("acc.mean", 
"acc.sd", "err.mean", "err.sd", "prec.mean", "prec.sd", "recall.mean", 
"recall.sd", "fsc.mean", "fsc.sds", "classifier"), row.names = c(NA, 
-8L), class = "data.frame")
