exec <-
list(structure(list(accruacy = c(0.84091, 0.77671, 0.93645, 0.94845, 
0.82441, 0.8449), error = c(0.15909, 0.22329, 0.06355, 0.05155, 
0.17559, 0.1551), precision = c(0.84389, 0.77731, 0.93935, 0.95185, 
0.82744, 0.84954), recall = c(0.85364, 0.79421, 0.94329, 0.95268, 
0.8313, 0.86205), fscore = c(0.84022, 0.77876, 0.93711, 0.94919, 
0.82221, 0.84288), classifier = c("cl.c45", "cl.nb", "cl.nn", 
"cl.rf", "cl.svm", "cl.mlp")), .Names = c("accruacy", "error", 
"precision", "recall", "fscore", "classifier"), row.names = c(NA, 
-6L), class = "data.frame"), structure(list(accruacy = c(0.84464, 
0.77722, 0.93674, 0.94505, 0.83312, 0.83666), error = c(0.15536, 
0.22278, 0.06326, 0.05495, 0.16688, 0.16334), precision = c(0.84807, 
0.77931, 0.93711, 0.94427, 0.83781, 0.83947), recall = c(0.86485, 
0.79127, 0.94468, 0.95449, 0.84201, 0.85595), fscore = c(0.84528, 
0.77728, 0.93669, 0.94352, 0.82949, 0.83748), classifier = c("cl.c45", 
"cl.nb", "cl.nn", "cl.rf", "cl.svm", "cl.mlp")), .Names = c("accruacy", 
"error", "precision", "recall", "fscore", "classifier"), row.names = c(NA, 
-6L), class = "data.frame"), structure(list(accruacy = c(0.83573, 
0.78292, 0.93965, 0.93181, 0.82422, 0.81172), error = c(0.16427, 
0.21708, 0.06035, 0.06819, 0.17578, 0.18828), precision = c(0.83789, 
0.78677, 0.94028, 0.93149, 0.82908, 0.8154), recall = c(0.85729, 
0.80311, 0.95077, 0.9477, 0.84, 0.82386), fscore = c(0.83279, 
0.78322, 0.93828, 0.93148, 0.82115, 0.8094), classifier = c("cl.c45", 
"cl.nb", "cl.nn", "cl.rf", "cl.svm", "cl.mlp")), .Names = c("accruacy", 
"error", "precision", "recall", "fscore", "classifier"), row.names = c(NA, 
-6L), class = "data.frame"), structure(list(accruacy = c(0.82416, 
0.77177, 0.92776, 0.9481, 0.81565, 0.83566), error = c(0.17584, 
0.22823, 0.07224, 0.0519, 0.18435, 0.16434), precision = c(0.82578, 
0.77205, 0.92779, 0.94769, 0.81718, 0.83686), recall = c(0.83073, 
0.78703, 0.93159, 0.95372, 0.8238, 0.8472), fscore = c(0.82426, 
0.77007, 0.92658, 0.94806, 0.81081, 0.83241), classifier = c("cl.c45", 
"cl.nb", "cl.nn", "cl.rf", "cl.svm", "cl.mlp")), .Names = c("accruacy", 
"error", "precision", "recall", "fscore", "classifier"), row.names = c(NA, 
-6L), class = "data.frame"), structure(list(accruacy = c(0.82784, 
0.77917, 0.94362, 0.94394, 0.82751, 0.79918), error = c(0.17216, 
0.22083, 0.05638, 0.05606, 0.17249, 0.20082), precision = c(0.83048, 
0.78275, 0.94598, 0.94386, 0.83146, 0.80322), recall = c(0.83579, 
0.7911, 0.94894, 0.94836, 0.83803, 0.81185), fscore = c(0.82663, 
0.78075, 0.94463, 0.94379, 0.82679, 0.80073), classifier = c("cl.c45", 
"cl.nb", "cl.nn", "cl.rf", "cl.svm", "cl.mlp")), .Names = c("accruacy", 
"error", "precision", "recall", "fscore", "classifier"), row.names = c(NA, 
-6L), class = "data.frame"), structure(list(accruacy = c(0.85608, 
0.78771, 0.96013, 0.96429, 0.81955, 0.83589), error = c(0.14392, 
0.21229, 0.03987, 0.03571, 0.18045, 0.16411), precision = c(0.8559, 
0.78837, 0.96064, 0.96342, 0.82096, 0.84002), recall = c(0.87242, 
0.79941, 0.9645, 0.97075, 0.82309, 0.84282), fscore = c(0.85587, 
0.78863, 0.96038, 0.96374, 0.8149, 0.83585), classifier = c("cl.c45", 
"cl.nb", "cl.nn", "cl.rf", "cl.svm", "cl.mlp")), .Names = c("accruacy", 
"error", "precision", "recall", "fscore", "classifier"), row.names = c(NA, 
-6L), class = "data.frame"), structure(list(accruacy = c(0.836, 
0.772, 0.944, 0.956, 0.82, 0.804), error = c(0.164, 0.228, 0.056, 
0.044, 0.18, 0.196), precision = c(0.84231, 0.77594, 0.94672, 
0.95816, 0.82521, 0.81123), recall = c(0.85366, 0.78575, 0.94875, 
0.96009, 0.83219, 0.82967), fscore = c(0.83637, 0.77458, 0.9445, 
0.95598, 0.81736, 0.80345), classifier = c("cl.c45", "cl.nb", 
"cl.nn", "cl.rf", "cl.svm", "cl.mlp")), .Names = c("accruacy", 
"error", "precision", "recall", "fscore", "classifier"), row.names = c(NA, 
-6L), class = "data.frame"), structure(list(accruacy = c(0.85752, 
0.78848, 0.94827, 0.94827, 0.82821, 0.82854), error = c(0.14248, 
0.21152, 0.05173, 0.05173, 0.17179, 0.17146), precision = c(0.85796, 
0.79113, 0.94995, 0.94808, 0.83248, 0.83354), recall = c(0.87667, 
0.80074, 0.95369, 0.95464, 0.83651, 0.84125), fscore = c(0.85778, 
0.78987, 0.94863, 0.94791, 0.82609, 0.82812), classifier = c("cl.c45", 
"cl.nb", "cl.nn", "cl.rf", "cl.svm", "cl.mlp")), .Names = c("accruacy", 
"error", "precision", "recall", "fscore", "classifier"), row.names = c(NA, 
-6L), class = "data.frame"), structure(list(accruacy = c(0.82846, 
0.77896, 0.9167, 0.93675, 0.81598, 0.8405), error = c(0.17154, 
0.22104, 0.0833, 0.06325, 0.18402, 0.1595), precision = c(0.83113, 
0.78108, 0.91722, 0.9371, 0.81813, 0.84586), recall = c(0.84229, 
0.80188, 0.93013, 0.94269, 0.83343, 0.86497), fscore = c(0.82797, 
0.78059, 0.91811, 0.93702, 0.81683, 0.84372), classifier = c("cl.c45", 
"cl.nb", "cl.nn", "cl.rf", "cl.svm", "cl.mlp")), .Names = c("accruacy", 
"error", "precision", "recall", "fscore", "classifier"), row.names = c(NA, 
-6L), class = "data.frame"), structure(list(accruacy = c(0.83212, 
0.78006, 0.92877, 0.92462, 0.82025, 0.82825), error = c(0.16788, 
0.21994, 0.07123, 0.07538, 0.17975, 0.17175), precision = c(0.83542, 
0.78253, 0.93102, 0.92472, 0.82636, 0.83348), recall = c(0.84029, 
0.79201, 0.93817, 0.93575, 0.81997, 0.83622), fscore = c(0.83018, 
0.78228, 0.92987, 0.92419, 0.81751, 0.82903), classifier = c("cl.c45", 
"cl.nb", "cl.nn", "cl.rf", "cl.svm", "cl.mlp")), .Names = c("accruacy", 
"error", "precision", "recall", "fscore", "classifier"), row.names = c(NA, 
-6L), class = "data.frame"), structure(list(accruacy = c(0.87196, 
0.77977, 0.92783, 0.95631, 0.81609, 0.82795), error = c(0.12804, 
0.22023, 0.07217, 0.04369, 0.18391, 0.17205), precision = c(0.87049, 
0.78239, 0.92769, 0.9545, 0.81978, 0.83237), recall = c(0.88272, 
0.79217, 0.93922, 0.96364, 0.82388, 0.84784), fscore = c(0.86983, 
0.78232, 0.92561, 0.95571, 0.81618, 0.82755), classifier = c("cl.c45", 
"cl.nb", "cl.nn", "cl.rf", "cl.svm", "cl.mlp")), .Names = c("accruacy", 
"error", "precision", "recall", "fscore", "classifier"), row.names = c(NA, 
-6L), class = "data.frame"), structure(list(accruacy = c(0.87179, 
0.77537, 0.93643, 0.94812, 0.82706, 0.82002), error = c(0.12821, 
0.22463, 0.06357, 0.05188, 0.17294, 0.17998), precision = c(0.87346, 
0.77672, 0.94008, 0.94951, 0.83102, 0.8267), recall = c(0.88365, 
0.79415, 0.94442, 0.95519, 0.83703, 0.83471), fscore = c(0.86988, 
0.77423, 0.93721, 0.94766, 0.82187, 0.81904), classifier = c("cl.c45", 
"cl.nb", "cl.nn", "cl.rf", "cl.svm", "cl.mlp")), .Names = c("accruacy", 
"error", "precision", "recall", "fscore", "classifier"), row.names = c(NA, 
-6L), class = "data.frame"), structure(list(accruacy = c(0.85954, 
0.78346, 0.91927, 0.93577, 0.83182, 0.82352), error = c(0.14046, 
0.21654, 0.08073, 0.06423, 0.16818, 0.17648), precision = c(0.86121, 
0.78541, 0.92133, 0.93613, 0.83637, 0.82567), recall = c(0.87963, 
0.81003, 0.93005, 0.9449, 0.84794, 0.84438), fscore = c(0.86048, 
0.7855, 0.91987, 0.93598, 0.83038, 0.82335), classifier = c("cl.c45", 
"cl.nb", "cl.nn", "cl.rf", "cl.svm", "cl.mlp")), .Names = c("accruacy", 
"error", "precision", "recall", "fscore", "classifier"), row.names = c(NA, 
-6L), class = "data.frame"), structure(list(accruacy = c(0.852, 
0.77611, 0.93928, 0.94776, 0.81997, 0.82831), error = c(0.148, 
0.22389, 0.06072, 0.05224, 0.18003, 0.17169), precision = c(0.85429, 
0.77828, 0.94125, 0.94866, 0.8233, 0.83128), recall = c(0.87194, 
0.79462, 0.94705, 0.95332, 0.83, 0.83998), fscore = c(0.85337, 
0.77627, 0.9394, 0.94826, 0.81723, 0.82845), classifier = c("cl.c45", 
"cl.nb", "cl.nn", "cl.rf", "cl.svm", "cl.mlp")), .Names = c("accruacy", 
"error", "precision", "recall", "fscore", "classifier"), row.names = c(NA, 
-6L), class = "data.frame"), structure(list(accruacy = c(0.82373, 
0.77055, 0.91948, 0.93117, 0.82308, 0.80274), error = c(0.17627, 
0.22945, 0.08052, 0.06883, 0.17692, 0.19726), precision = c(0.82188, 
0.76949, 0.92086, 0.92935, 0.82559, 0.80478),