exit <-
structure(list(acc.mean = c(0.844362666666667, 0.780278333333333, 
0.937936666666667, 0.946471666666667, 0.823760333333333, 0.823648666666667
), acc.sd = c(0.0150641574911939, 0.00588539752464293, 0.0110451656871884, 
0.0115372204515261, 0.0101147043808807, 0.0128101217344152), 
    err.mean = c(0.155637333333333, 0.219721666666667, 0.0620633333333333, 
    0.0535283333333333, 0.176239666666667, 0.176351333333333), 
    err.sd = c(0.0150641574911953, 0.00588539752463561, 0.0110451656871896, 
    0.0115372204515267, 0.0101147043808828, 0.0128101217344168
    ), prec.mean = c(0.846025666666667, 0.782028666666667, 0.939534, 
    0.946656, 0.827192666666667, 0.827151333333333), prec.sd = c(0.014828935294009, 
    0.00610193057824041, 0.0111120315657074, 0.0114618490414152, 
    0.0103452007641476, 0.0129088271678925), recall.mean = c(0.859835333333333, 
    0.79663, 0.945147666666667, 0.953560333333333, 0.834688666666667, 
    0.839318333333333), recall.sd = c(0.0157655039691831, 0.00719623800185601, 
    0.010068043566861, 0.00956375791215503, 0.0105665244778156, 
    0.0131095798305397), fsc.mean = c(0.843531, 0.780876, 0.938107, 
    0.946127, 0.820833, 0.822445), fsc.sds = c(0.015146563363484, 
    0.00605645429443984, 0.0110942116470181, 0.0115842402307672, 
    0.0106262969674889, 0.0132871321598942), classifier = c("cl.c45", 
    "cl.nb", "cl.nn", "cl.rf", "cl.svm", "cl.mlp")), .Names = c("acc.mean", 
"acc.sd", "err.mean", "err.sd", "prec.mean", "prec.sd", "recall.mean", 
"recall.sd", "fsc.mean", "fsc.sds", "classifier"), row.names = c(NA, 
-6L), class = "data.frame")
