exit <-
structure(list(acc.mean = c(0.834444, 0.783300333333333, 0.712113, 
0.918251666666667, 0.811194666666667, 0.809232), acc.sd = c(0.0184401493374197, 
0.00718000599525164, 0.013478673614778, 0.0119049329339055, 0.00890985999089878, 
0.0138355587352747), err.mean = c(0.165556, 0.216699666666667, 
0.287887, 0.0817483333333333, 0.188805333333333, 0.190768), err.sd = c(0.018440149337416, 
0.00718000599525864, 0.0134786736147807, 0.011904932933911, 0.008909859990902, 
0.013835558735275), prec.mean = c(0.836033333333333, 0.784952666666667, 
0.717772333333333, 0.919531333333333, 0.813539666666667, 0.813652666666667
), prec.sd = c(0.0180474488278968, 0.00654874977978024, 0.0142473696745633, 
0.011501429516347, 0.00910518551888955, 0.013531975142763), recall.mean = c(0.849048, 
0.799405, 0.728070333333333, 0.926236333333333, 0.821408, 0.823028333333333
), recall.sd = c(0.0166843485194113, 0.008545564992114, 0.0131516209787158, 
0.0107128860477128, 0.00918013462450966, 0.0138491585909792), 
    fsc.mean = c(0.833388333333333, 0.783525333333333, 0.712054333333333, 
    0.917376, 0.808376, 0.808208333333333), fsc.sds = c(0.0187412330002033, 
    0.00633598411556773, 0.0125926020107974, 0.0119596766765211, 
    0.00975046828230248, 0.0143181416351838), classifier = c("cl.c45", 
    "cl.nb", "cl.nn", "cl.rf", "cl.svm", "cl.mlp")), .Names = c("acc.mean", 
"acc.sd", "err.mean", "err.sd", "prec.mean", "prec.sd", "recall.mean", 
"recall.sd", "fsc.mean", "fsc.sds", "classifier"), row.names = c(NA, 
-6L), class = "data.frame")
