df <-
structure(list(acc.mean = c(0.668333333333333, 0.631166666666667, 
0.695366666666667, 0.719766666666667, 0.761733333333333, 0.715733333333333, 
0.651333333333333, 0.648366666666667), acc.sd = c(0.0153023174565237, 
0.00768825047733871, 0.00949948576950652, 0.0120363911802366, 
0.0096986786634104, 0.0148066465348909, 0.0104000442085709, 0.0122065085333486
), err.mean = c(0.331666666666667, 0.368833333333333, 0.304633333333333, 
0.280233333333333, 0.238266666666667, 0.284266666666667, 0.348666666666667, 
0.351633333333333), err.sd = c(0.0153023174565237, 0.00768825047733871, 
0.00949948576950656, 0.0120363911802366, 0.00969867866341039, 
0.0148066465348908, 0.0104000442085709, 0.0122065085333486), 
    prec.mean = c(0.666733333333333, 0.628333333333333, 0.691933333333333, 
    0.7174, 0.759766666666667, 0.712066666666667, 0.647333333333333, 
    0.645233333333333), prec.sd = c(0.015350914458515, 0.00800574506357707, 
    0.0099513760383914, 0.0123779559339759, 0.01015970177859, 
    0.0150675109111449, 0.0104957572161436, 0.0124642477215582
    ), recall.mean = c(0.677066666666667, 0.631666666666667, 
    0.702766666666667, 0.725166666666667, 0.767133333333333, 
    0.721566666666667, 0.6549, 0.651133333333333), recall.sd = c(0.0148948807066175, 
    0.00971785890045722, 0.00930955509634881, 0.0131544756598299, 
    0.0107534544035485, 0.0156638906809377, 0.0127937215205283, 
    0.0132371820455015), fsc.mean = c(0.663666666666667, 0.623966666666667, 
    0.690366666666667, 0.714933333333333, 0.758033333333333, 
    0.708366666666667, 0.640133333333333, 0.641966666666667), 
    fsc.sds = c(0.0151801443210924, 0.0084913072521594, 0.0101079802318671, 
    0.0117089218365617, 0.0103206633485461, 0.0159837920780834, 
    0.0111223085340426, 0.0126531537116473), classifier = c("cl.c45", 
    "cl.nb", "cl.nn", "cl.rf", "cl.svm", "cl.mlp", "cl.fuzzy.w", 
    "cl.fuzzy.chi")), .Names = c("acc.mean", "acc.sd", "err.mean", 
"err.sd", "prec.mean", "prec.sd", "recall.mean", "recall.sd", 
"fsc.mean", "fsc.sds", "classifier"), row.names = c(NA, -8L), class = "data.frame")
