exec <-
list(structure(list(accruacy = c(0.81199, 0.78461, 0.70437, 0.93288, 
0.81215, 0.80015), error = c(0.18801, 0.21539, 0.29563, 0.06712, 
0.18785, 0.19985), precision = c(0.81681, 0.78698, 0.70969, 0.93435, 
0.81661, 0.80372), recall = c(0.83448, 0.80009, 0.72631, 0.9445, 
0.82007, 0.8128), fscore = c(0.80982, 0.78502, 0.70465, 0.93339, 
0.8103, 0.80189), classifier = c("cl.c45", "cl.nb", "cl.nn", 
"cl.rf", "cl.svm", "cl.mlp")), .Names = c("accruacy", "error", 
"precision", "recall", "fscore", "classifier"), row.names = c(NA, 
-6L), class = "data.frame"), structure(list(accruacy = c(0.82787, 
0.78307, 0.7235, 0.93627, 0.81587, 0.80417), error = c(0.17213, 
0.21693, 0.2765, 0.06373, 0.18413, 0.19583), precision = c(0.83015, 
0.78443, 0.72973, 0.93806, 0.81934, 0.80858), recall = c(0.84234, 
0.79409, 0.73935, 0.94352, 0.8252, 0.82459), fscore = c(0.82554, 
0.78445, 0.72203, 0.93582, 0.81123, 0.80081), classifier = c("cl.c45", 
"cl.nb", "cl.nn", "cl.rf", "cl.svm", "cl.mlp")), .Names = c("accruacy", 
"error", "precision", "recall", "fscore", "classifier"), row.names = c(NA, 
-6L), class = "data.frame"), structure(list(accruacy = c(0.87242, 
0.77972, 0.73168, 0.92508, 0.80745, 0.80292), error = c(0.12758, 
0.22028, 0.26832, 0.07492, 0.19255, 0.19708), precision = c(0.87405, 
0.78289, 0.73958, 0.92505, 0.81054, 0.80774), recall = c(0.88048, 
0.80067, 0.74231, 0.93254, 0.82465, 0.82077), fscore = c(0.87152, 
0.77871, 0.73195, 0.92467, 0.80534, 0.80119), classifier = c("cl.c45", 
"cl.nb", "cl.nn", "cl.rf", "cl.svm", "cl.mlp")), .Names = c("accruacy", 
"error", "precision", "recall", "fscore", "classifier"), row.names = c(NA, 
-6L), class = "data.frame"), structure(list(accruacy = c(0.83627, 
0.76429, 0.70042, 0.89198, 0.8086, 0.78829), error = c(0.16373, 
0.23571, 0.29958, 0.10802, 0.1914, 0.21171), precision = c(0.83628, 
0.76751, 0.70444, 0.89512, 0.81209, 0.79486), recall = c(0.85244, 
0.77492, 0.71222, 0.90283, 0.81611, 0.81122), fscore = c(0.83695, 
0.76697, 0.69932, 0.89153, 0.80807, 0.78727), classifier = c("cl.c45", 
"cl.nb", "cl.nn", "cl.rf", "cl.svm", "cl.mlp")), .Names = c("accruacy", 
"error", "precision", "recall", "fscore", "classifier"), row.names = c(NA, 
-6L), class = "data.frame"), structure(list(accruacy = c(0.85969, 
0.78565, 0.71259, 0.90805, 0.80056, 0.81659), error = c(0.14031, 
0.21435, 0.28741, 0.09195, 0.19944, 0.18341), precision = c(0.86232, 
0.78683, 0.71769, 0.91168, 0.80313, 0.8204), recall = c(0.87433, 
0.80768, 0.73115, 0.92264, 0.82206, 0.82971), fscore = c(0.8597, 
0.78589, 0.71435, 0.90738, 0.79514, 0.81722), classifier = c("cl.c45", 
"cl.nb", "cl.nn", "cl.rf", "cl.svm", "cl.mlp")), .Names = c("accruacy", 
"error", "precision", "recall", "fscore", "classifier"), row.names = c(NA, 
-6L), class = "data.frame"), structure(list(accruacy = c(0.84345, 
0.78763, 0.72423, 0.91133, 0.81979, 0.78854), error = c(0.15655, 
0.21237, 0.27577, 0.08867, 0.18021, 0.21146), precision = c(0.84331, 
0.78908, 0.72949, 0.91219, 0.8223, 0.79608), recall = c(0.85506, 
0.80325, 0.74184, 0.91922, 0.82903, 0.80444), fscore = c(0.84372, 
0.78905, 0.72281, 0.9104, 0.81761, 0.79163), classifier = c("cl.c45", 
"cl.nb", "cl.nn", "cl.rf", "cl.svm", "cl.mlp")), .Names = c("accruacy", 
"error", "precision", "recall", "fscore", "classifier"), row.names = c(NA, 
-6L), class = "data.frame"), structure(list(accruacy = c(0.80371, 
0.78034, 0.69173, 0.92475, 0.80372, 0.82439), error = c(0.19629, 
0.21966, 0.30827, 0.07525, 0.19628, 0.17561), precision = c(0.80472, 
0.78169, 0.69636, 0.92398, 0.80491, 0.82835), recall = c(0.82346, 
0.80193, 0.70839, 0.93346, 0.82526, 0.83881), fscore = c(0.80173, 
0.78048, 0.69364, 0.92116, 0.80036, 0.82343), classifier = c("cl.c45", 
"cl.nb", "cl.nn", "cl.rf", "cl.svm", "cl.mlp")), .Names = c("accruacy", 
"error", "precision", "recall", "fscore", "classifier"), row.names = c(NA, 
-6L), class = "data.frame"), structure(list(accruacy = c(0.8524, 
0.78809, 0.73175, 0.92798, 0.83563, 0.80395), error = c(0.1476, 
0.21191, 0.26825, 0.07202, 0.16437, 0.19605), precision = c(0.85323, 
0.7916, 0.73815, 0.92778, 0.83863, 0.80868), recall = c(0.85737, 
0.80761, 0.74569, 0.92997, 0.84494, 0.8222), fscore = c(0.84777, 
0.79006, 0.73415, 0.92644, 0.83447, 0.79974), classifier = c("cl.c45", 
"cl.nb", "cl.nn", "cl.rf", "cl.svm", "cl.mlp")), .Names = c("accruacy", 
"error", "precision", "recall", "fscore", "classifier"), row.names = c(NA, 
-6L), class = "data.frame"), structure(list(accruacy = c(0.82343, 
0.78069, 0.71694, 0.93244, 0.81638, 0.82486), error = c(0.17657, 
0.21931, 0.28306, 0.06756, 0.18362, 0.17514), precision = c(0.83006, 
0.78197, 0.72206, 0.93394, 0.81948, 0.83219), recall = c(0.85024, 
0.80429, 0.72763, 0.94118, 0.83474, 0.84191), fscore = c(0.8258, 
0.78298, 0.71744, 0.93188, 0.81584, 0.82368), classifier = c("cl.c45", 
"cl.nb", "cl.nn", "cl.rf", "cl.svm", "cl.mlp")), .Names = c("accruacy", 
"error", "precision", "recall", "fscore", "classifier"), row.names = c(NA, 
-6L), class = "data.frame"), structure(list(accruacy = c(0.8439, 
0.78047, 0.71661, 0.92794, 0.82866, 0.8133), error = c(0.1561, 
0.21953, 0.28339, 0.07206, 0.17134, 0.1867), precision = c(0.8425, 
0.78221, 0.7229, 0.93061, 0.82993, 0.81576), recall = c(0.85785, 
0.7935, 0.73755, 0.93821, 0.83478, 0.82167), fscore = c(0.84067, 
0.77891, 0.71829, 0.92765, 0.82664, 0.81158), classifier = c("cl.c45", 
"cl.nb", "cl.nn", "cl.rf", "cl.svm", "cl.mlp")), .Names = c("accruacy", 
"error", "precision", "recall", "fscore", "classifier"), row.names = c(NA, 
-6L), class = "data.frame"), structure(list(accruacy = c(0.82438, 
0.78053, 0.69226, 0.90409, 0.81205, 0.82903), error = c(0.17562, 
0.21947, 0.30774, 0.09591, 0.18795, 0.17097), precision = c(0.82596, 
0.78372, 0.6996, 0.90718, 0.81469, 0.83438), recall = c(0.83955, 
0.79432, 0.71545, 0.91202, 0.81812, 0.84747), fscore = c(0.82065, 
0.78041, 0.69318, 0.90359, 0.80793, 0.82933), classifier = c("cl.c45", 
"cl.nb", "cl.nn", "cl.rf", "cl.svm", "cl.mlp")), .Names = c("accruacy", 
"error", "precision", "recall", "fscore", "classifier"), row.names = c(NA, 
-6L), class = "data.frame"), structure(list(accruacy = c(0.83075, 
0.79977, 0.7422, 0.91917, 0.81042, 0.79468), error = c(0.16925, 
0.20023, 0.2578, 0.08083, 0.18958, 0.20532), precision = c(0.83374, 
0.80145, 0.7476, 0.91994, 0.81392, 0.80126), recall = c(0.84251, 
0.81295, 0.74947, 0.92528, 0.81727, 0.79973), fscore = c(0.82919, 
0.79713, 0.73463, 0.91605, 0.80404, 0.78815), classifier = c("cl.c45", 
"cl.nb", "cl.nn", "cl.rf", "cl.svm", "cl.mlp")), .Names = c("accruacy", 
"error", "precision", "recall", "fscore", "classifier"), row.names = c(NA, 
-6L), class = "data.frame"), structure(list(accruacy = c(0.82858, 
0.78779, 0.72408, 0.91548, 0.81563, 0.80025), error = c(0.17142, 
0.21221, 0.27592, 0.08452, 0.18437, 0.19975), precision = c(0.82914, 
0.78884, 0.73061, 0.91684, 0.81788, 0.8068), recall = c(0.8385, 
0.80649, 0.75057, 0.92301, 0.82814, 0.81323), fscore = c(0.82907, 
0.78788, 0.71804, 0.91528, 0.81372, 0.80091), classifier = c("cl.c45", 
"cl.nb", "cl.nn", "cl.rf", "cl.svm", "cl.mlp")), .Names = c("accruacy", 
"error", "precision", "recall", "fscore", "classifier"), row.names = c(NA, 
-6L), class = "data.frame"), structure(list(accruacy = c(0.8166, 
0.78773, 0.70559, 0.91971, 0.81512, 0.7999), error = c(0.1834, 
0.21227, 0.29441, 0.08029, 0.18488, 0.2001), precision = c(0.81649, 
0.7862, 0.71006, 0.91933, 0.81704, 0.80205), recall = c(0.84128, 
0.8058, 0.71556, 0.92374, 0.82025, 0.81026), fscore = c(0.81222, 
0.7883, 0.70824, 0.91837, 0.81569, 0.79947), classifier = c("cl.c45", 
"cl.nb", "cl.nn", "cl.rf", "cl.svm", "cl.mlp")), .Names = c("accruacy", 
"error", "precision", "recall", "fscore", "classifier"), row.names = c(NA, 
-6L), class = "data.frame"), structure(list(accruacy = c(0.81559, 
0.78577, 0.72302, 0.91146, 0.81396, 0.79873), error = c(0.18441, 
0.21423, 0.27698, 0.08854, 0.18604, 0.20127),