df <-
structure(list(acc.mean = c(0.839966666666667, 0.781333333333333, 
0.714, 0.9265, 0.8117, 0.808833333333333, 0.701533333333333, 
0.682266666666667), acc.sd = c(0.0174602668805557, 0.00705316428539572, 
0.00924382366026468, 0.0110539429694754, 0.00922571369073676, 
0.0150403671390748, 0.0149544903493631, 0.0123062454940944), 
    err.mean = c(0.160033333333333, 0.218666666666667, 0.286, 
    0.0735, 0.1883, 0.191166666666667, 0.298466666666667, 0.317733333333333
    ), err.sd = c(0.0174602668805557, 0.00705316428539571, 0.00924382366026466, 
    0.0110539429694754, 0.00922571369073679, 0.0150403671390748, 
    0.0149544903493631, 0.0123062454940944), prec.mean = c(0.841433333333333, 
    0.7833, 0.7202, 0.927666666666667, 0.8141, 0.8123, 0.700866666666667, 
    0.688266666666667), prec.sd = c(0.0175001149421513, 0.00724521245018226, 
    0.00951369249175032, 0.0109176646907134, 0.00908333069703639, 
    0.0149692788852645, 0.0147875374680105, 0.0129772568519814
    ), recall.mean = c(0.8533, 0.798466666666667, 0.7273, 0.932733333333333, 
    0.8216, 0.824633333333333, 0.7206, 0.6958), recall.sd = c(0.0167972698931127, 
    0.00838197299353605, 0.0110458292956023, 0.0105762692507503, 
    0.00999517124795076, 0.012904111436051, 0.0164853121669376, 
    0.012590089150899), fsc.mean = c(0.8389, 0.7818, 0.7136, 
    0.925866666666667, 0.808633333333333, 0.807633333333333, 
    0.7, 0.6794), fsc.sds = c(0.0174994581196893, 0.00742967024840269, 
    0.00995022092979469, 0.0113706619870168, 0.00944122775962929, 
    0.0157096134269112, 0.0148625889980224, 0.0130135208202058
    ), classifier = c("cl.c45", "cl.nb", "cl.nn", "cl.rf", "cl.svm", 
    "cl.mlp", "cl.fuzzy.w", "cl.fuzzy.chi")), .Names = c("acc.mean", 
"acc.sd", "err.mean", "err.sd", "prec.mean", "prec.sd", "recall.mean", 
"recall.sd", "fsc.mean", "fsc.sds", "classifier"), row.names = c(NA, 
-8L), class = "data.frame")
