df <-
structure(list(acc.mean = c(0.8229, 0.820366666666667, 0.825966666666667, 
0.842233333333333, 0.852366666666667, 0.8548, 0.860733333333333, 
0.8603, 0.873533333333333, 0.870266666666667, 0.880766666666667, 
0.878933333333333, 0.879233333333333, 0.8786, 0.881266666666667, 
0.875533333333333, 0.873533333333333, 0.885966666666667, 0.8766, 
0.889633333333333, 0.879833333333333, 0.879066666666667, 0.882333333333333, 
0.874733333333333, 0.884433333333333, 0.881933333333333, 0.8826, 
0.872333333333333, 0.876166666666667, 0.886333333333333, 0.8858, 
0.872466666666667, 0.8817, 0.875133333333333, 0.881666666666667, 
0.882766666666667, 0.883666666666667, 0.876266666666667, 0.880933333333333, 
0.877366666666667, 0.876066666666667, 0.8738, 0.878233333333333, 
0.871266666666667, 0.881366666666667, 0.885366666666667, 0.885033333333333, 
0.873433333333333, 0.8749, 0.9342, 0.9342, 0.8498, 0.8362, 0.8218, 
0.810233333333333, 0.8051, 0.8011, 0.8031, 0.801933333333333, 
0.802, 0.8001, 0.798033333333333, 0.795966666666667, 0.7936, 
0.790633333333333), acc.sd = c(0.0105971694333911, 0.0133893507177786, 
0.0118102332405166, 0.0154488775026522, 0.0118423067805668, 0.0160632371023682, 
0.0137387780747964, 0.0130440896908167, 0.0140411546173563, 0.0137061107271307, 
0.0165084791866929, 0.0162266985898684, 0.0153166200767243, 0.0152487421753742, 
0.0141979438368872, 0.0143135656256413, 0.0142966920054554, 0.0148845750598613, 
0.0140088641888652, 0.0135658885935767, 0.0145129747736847, 0.0173064335921114, 
0.0168468421953203, 0.0114408021581963, 0.0126618714456334, 0.0152064717015222, 
0.0140849638585462, 0.0112536073399119, 0.0138938918192513, 0.0130075133018902, 
0.012158153217293, 0.0132293647600338, 0.0136940712064344, 0.0150349783741994, 
0.0127531830599627, 0.0147477253262614, 0.0128125297869012, 0.0143765453941921, 
0.0138984825104021, 0.0131029960599523, 0.0157806807539305, 0.013422574910999, 
0.016241036431454, 0.01244555961068, 0.0148218927855766, 0.0134125091723678, 
0.0136722304346245, 0.0122690621099362, 0.0149489937384797, 0.0135834585002342, 
0.0135834585002342, 0.0137273952121422, 0.0133194180260147, 0.0103504122856415, 
0.0122690621099361, 0.0097462636519034, 0.0087625771677452, 0.00877044409680446, 
0.0107476808511493, 0.0088668308687587, 0.00803161855118407, 
0.0080920707606522, 0.00838916926277807, 0.00870037652772212, 
0.00924935536741042), err.mean = c(0.1771, 0.179633333333333, 
0.174033333333333, 0.157766666666667, 0.147633333333333, 0.1452, 
0.139266666666667, 0.1397, 0.126466666666667, 0.129733333333333, 
0.119233333333333, 0.121066666666667, 0.120766666666667, 0.1214, 
0.118733333333333, 0.124466666666667, 0.126466666666667, 0.114033333333333, 
0.1234, 0.110366666666667, 0.120166666666667, 0.120933333333333, 
0.117666666666667, 0.125266666666667, 0.115566666666667, 0.118066666666667, 
0.1174, 0.127666666666667, 0.123833333333333, 0.113666666666667, 
0.1142, 0.127533333333333, 0.1183, 0.124866666666667, 0.118333333333333, 
0.117233333333333, 0.116333333333333, 0.123733333333333, 0.119066666666667, 
0.122633333333333, 0.123933333333333, 0.1262, 0.121766666666667, 
0.128733333333333, 0.118633333333333, 0.114633333333333, 0.114966666666667, 
0.126566666666667, 0.1251, 0.0658, 0.0658, 0.1502, 0.1638, 0.1782, 
0.189766666666667, 0.1949, 0.1989, 0.1969, 0.198066666666667, 
0.198, 0.1999, 0.201966666666667, 0.204033333333333, 0.2064, 
0.209366666666667), err.sd = c(0.0105971694333912, 0.0133893507177786, 
0.0118102332405166, 0.0154488775026522, 0.0118423067805668, 0.0160632371023681, 
0.0137387780747964, 0.0130440896908166, 0.0140411546173563, 0.0137061107271307, 
0.0165084791866929, 0.0162266985898684, 0.0153166200767243, 0.0152487421753742, 
0.0141979438368872, 0.0143135656256413, 0.0142966920054553, 0.0148845750598613, 
0.0140088641888652, 0.0135658885935767, 0.0145129747736847, 0.0173064335921114, 
0.0168468421953203, 0.0114408021581963, 0.0126618714456334, 0.0152064717015222, 
0.0140849638585462, 0.0112536073399119, 0.0138938918192513, 0.0130075133018902, 
0.012158153217293, 0.0132293647600338, 0.0136940712064344, 0.0150349783741994, 
0.0127531830599627, 0.0147477253262614, 0.0128125297869012, 0.014376545394192, 
0.0138984825104021, 0.0131029960599523, 0.0157806807539305, 0.013422574910999, 
0.016241036431454, 0.01244555961068, 0.0148218927855766, 0.0134125091723678, 
0.0136722304346245, 0.0122690621099362, 0.0149489937384796, 0.0135834585002343, 
0.0135834585002343, 0.0137273952121422, 0.0133194180260147, 0.0103504122856415, 
0.0122690621099362, 0.00974626365190342, 0.00876257716774521, 
0.00877044409680447, 0.0107476808511493, 0.00886683086875871, 
0.00803161855118407, 0.0080920707606522, 0.00838916926277806, 
0.00870037652772211, 0.0092493553674104), prec.mean = c(0.8288, 
0.824333333333333, 0.8292, 0.846566666666667, 0.856033333333333, 
0.8584, 0.8644, 0.863866666666667, 0.876466666666667, 0.873833333333333, 
0.883466666666667, 0.8821, 0.8823, 0.881666666666667, 0.884533333333333, 
0.878733333333333, 0.876833333333333, 0.8882, 0.879733333333333, 
0.891766666666667, 0.8824, 0.881566666666667, 0.885433333333333, 
0.877366666666667, 0.887233333333333, 0.8847, 0.885066666666667, 
0.8751, 0.879466666666667, 0.888733333333333, 0.887966666666667, 
0.8758, 0.884266666666667, 0.877933333333333, 0.8846, 0.885133333333333, 
0.886966666666667, 0.879033333333333, 0.883466666666667, 0.880266666666667, 
0.879233333333333, 0.876833333333333, 0.881033333333333, 0.874333333333333, 
0.884466666666667, 0.8878, 0.887433333333333, 0.876366666666667, 
0.878366666666667, 0.935566666666667, 0.935566666666667, 0.856633333333333, 
0.843766666666667, 0.8306, 0.8197, 0.813966666666667, 0.809666666666667, 
0.8118, 0.810366666666667, 0.810433333333333, 0.808133333333333, 
0.806166666666667, 0.8041, 0.801766666666667, 0.798633333333333
), prec.sd = c(0.0107971899281631, 0.0139687664731575, 0.0120584782021499, 
0.0153705570162082, 0.0122544385578376, 0.0163761811893014, 0.013652333386515, 
0.012727199581817, 0.0140779439460145, 0.0137692394133804, 0.0168824196119521, 
0.0166388618642602, 0.0157527228078853, 0.0152005747017791, 0.0145856172267429, 
0.0146309387195796, 0.0140051304228458, 0.0148379755102029, 0.0142754511573935, 
0.0136651667245298, 0.0151147336203386, 0.0174329915792528, 0.0167119270506763, 
0.0111494033653061, 0.012590865143328, 0.0155233972463815, 0.0146521349117207, 
0.011659981664385, 0.0139771570621579, 0.0131383443383869, 0.0125078825720736, 
0.0133659371486652, 0.0139133608159712, 0.0145789960709502, 0.0127349640888708, 
0.0148967326510937, 0.0130924651490146, 0.0145352919696743, 0.0147595283854505, 
0.0133259749810437, 0.0163130650692635, 0.0139706177715783, 0.0169308600782272, 
0.0124217088427765, 0.0151423893102439, 0.0133478656436668, 0.0138680564069284, 
0.0125985312043011, 0.0154327983323769, 0.013589253698859, 0.013589253698859, 
0.0134791878741683, 0.0130824529317955, 0.0101526283330459, 0.0123767022514355, 
0.0100669597277887, 0.00906806953311842, 0.00882160357617433, 
0.0109054979279935, 0.00886948792726803, 0.00795128848085306, 
0.00804334521818193, 0.0084050477444335, 0.00861707740411478, 
0.00891524588530245),