df <-
structure(list(acc.mean = c(0.836433333333333, 0.782633333333333, 
0.935666666666667, 0.944066666666667, 0.8203, 0.819666666666667, 
0.923533333333333, 0.932333333333333, 0.819666666666667, 0.8249, 
0.824, 0.842333333333333, 0.8507, 0.8583, 0.8553, 0.8593, 0.8743, 
0.871766666666667, 0.8759, 0.875233333333333, 0.871666666666667, 
0.877033333333333, 0.8788, 0.874566666666667, 0.877, 0.877633333333333, 
0.873933333333333, 0.882833333333333, 0.880233333333333, 0.877133333333333, 
0.881066666666667, 0.871833333333333, 0.879, 0.873, 0.882666666666667, 
0.871, 0.872666666666667, 0.8835, 0.8804, 0.874866666666667, 
0.8762, 0.876133333333333, 0.880033333333333, 0.879533333333333, 
0.8773, 0.875533333333333, 0.8779, 0.872266666666667, 0.871766666666667, 
0.869033333333333, 0.878233333333333, 0.870066666666667, 0.8776, 
0.880066666666667, 0.880933333333333, 0.873333333333333, 0.875666666666667, 
0.935666666666667, 0.935666666666667, 0.848933333333333, 0.836233333333333, 
0.823466666666667, 0.813533333333333, 0.8067, 0.800466666666667, 
0.803466666666667, 0.802866666666667, 0.7999, 0.797, 0.795333333333333, 
0.793766666666667, 0.792333333333333, 0.790366666666667), acc.sd = c(0.0207042946291815, 
0.00612222256990077, 0.0135934399323866, 0.0117940175756488, 
0.0101238877635163, 0.0127098477522375, 0.0147361468161967, 0.0155393456866052, 
0.0127098477522375, 0.0104000994690203, 0.0131568783636492, 0.0150958622632582, 
0.0147230759529808, 0.0142396968197094, 0.0132408719371185, 0.0121318901503719, 
0.0144964918467217, 0.0171980017550824, 0.0137197315747342, 0.0123447136063575, 
0.0129037105952682, 0.0159340955908659, 0.0145208530194956, 0.0146915019615102, 
0.0147086650511257, 0.0144925268098194, 0.0148879338631203, 0.0140297303371567, 
0.0162558919468759, 0.0138656940419284, 0.0135084477612915, 0.0168422361799207, 
0.0156579824304763, 0.0146828541808653, 0.0124355811348292, 0.0138389754454335, 
0.0159553976021809, 0.0126729415794385, 0.0131479643107685, 0.015555758072026, 
0.0152415041342993, 0.0147267837941467, 0.0155152501915292, 0.0164290183418901, 
0.0174813200795632, 0.0146751803920848, 0.0155016128193166, 0.0166027279298507, 
0.0164142144734864, 0.0151872980805839, 0.015683690921449, 0.0164587956431505, 
0.0135101494414768, 0.0156710436536755, 0.0151905899486658, 0.013570590242883, 
0.0147352107817163, 0.0135934399323866, 0.0135934399323866, 0.0147295933256906, 
0.0125689363479787, 0.0107502472572473, 0.0100746637946242, 0.0105900083032105, 
0.0109693407633098, 0.0105886514830683, 0.00914154341957385, 
0.00959651517209638, 0.00802582040064742, 0.00837621152671242, 
0.00858500430113898, 0.00869535481750452, 0.00740215874073156
), err.mean = c(0.163566666666667, 0.217366666666667, 0.0643333333333333, 
0.0559333333333333, 0.1797, 0.180333333333333, 0.0764666666666667, 
0.0676666666666667, 0.180333333333333, 0.1751, 0.176, 0.157666666666667, 
0.1493, 0.1417, 0.1447, 0.1407, 0.1257, 0.128233333333333, 0.1241, 
0.124766666666667, 0.128333333333333, 0.122966666666667, 0.1212, 
0.125433333333333, 0.123, 0.122366666666667, 0.126066666666667, 
0.117166666666667, 0.119766666666667, 0.122866666666667, 0.118933333333333, 
0.128166666666667, 0.121, 0.127, 0.117333333333333, 0.129, 0.127333333333333, 
0.1165, 0.1196, 0.125133333333333, 0.1238, 0.123866666666667, 
0.119966666666667, 0.120466666666667, 0.1227, 0.124466666666667, 
0.1221, 0.127733333333333, 0.128233333333333, 0.130966666666667, 
0.121766666666667, 0.129933333333333, 0.1224, 0.119933333333333, 
0.119066666666667, 0.126666666666667, 0.124333333333333, 0.0643333333333333, 
0.0643333333333333, 0.151066666666667, 0.163766666666667, 0.176533333333333, 
0.186466666666667, 0.1933, 0.199533333333333, 0.196533333333333, 
0.197133333333333, 0.2001, 0.203, 0.204666666666667, 0.206233333333333, 
0.207666666666667, 0.209633333333333), err.sd = c(0.0207042946291815, 
0.00612222256990077, 0.0135934399323866, 0.0117940175756488, 
0.0101238877635163, 0.0127098477522375, 0.0147361468161968, 0.0155393456866052, 
0.0127098477522375, 0.0104000994690203, 0.0131568783636493, 0.0150958622632582, 
0.0147230759529808, 0.0142396968197094, 0.0132408719371185, 0.0121318901503719, 
0.0144964918467217, 0.0171980017550824, 0.0137197315747342, 0.0123447136063575, 
0.0129037105952682, 0.0159340955908658, 0.0145208530194956, 0.0146915019615102, 
0.0147086650511257, 0.0144925268098194, 0.0148879338631203, 0.0140297303371566, 
0.0162558919468759, 0.0138656940419284, 0.0135084477612915, 0.0168422361799207, 
0.0156579824304763, 0.0146828541808652, 0.0124355811348292, 0.0138389754454335, 
0.0159553976021808, 0.0126729415794385, 0.0131479643107685, 0.015555758072026, 
0.0152415041342993, 0.0147267837941466, 0.0155152501915292, 0.0164290183418901, 
0.0174813200795632, 0.0146751803920848, 0.0155016128193166, 0.0166027279298507, 
0.0164142144734864, 0.0151872980805838, 0.0156836909214489, 0.0164587956431505, 
0.0135101494414767, 0.0156710436536755, 0.0151905899486658, 0.0135705902428829, 
0.0147352107817163, 0.0135934399323866, 0.0135934399323866, 0.0147295933256906, 
0.0125689363479787, 0.0107502472572473, 0.0100746637946242, 0.0105900083032106, 
0.0109693407633098, 0.0105886514830683, 0.00914154341957385, 
0.00959651517209637, 0.00802582040064741, 0.00837621152671241, 
0.00858500430113897, 0.0086953548175045, 0.00740215874073155), 
    prec.mean = c(0.838433333333333, 0.784666666666667, 0.937366666666667, 
    0.944433333333333, 0.824033333333333, 0.825733333333333, 
    0.9226, 0.933133333333333, 0.825733333333333, 0.828633333333333, 
    0.8274, 0.847266666666667, 0.855066666666667, 0.862433333333333, 
    0.859533333333333, 0.8631, 0.8779, 0.875833333333333, 0.879566666666667, 
    0.8793, 0.875766666666667, 0.881066666666667, 0.8824, 0.878933333333333, 
    0.880733333333333, 0.880766666666667, 0.8774, 0.885633333333333, 
    0.883766666666667, 0.879966666666667, 0.884333333333333, 
    0.875133333333333, 0.882166666666667, 0.8767, 0.885733333333333, 
    0.8741, 0.876233333333333, 0.886733333333333, 0.883433333333333, 
    0.8783, 0.879733333333333, 0.879866666666667, 0.883766666666667, 
    0.882833333333333, 0.8808, 0.8795, 0.881066666666667, 0.875866666666667, 
    0.875166666666667, 0.8731, 0.881666666666667, 0.873566666666667, 
    0.881433333333333, 0.883133333333333, 0.884066666666667, 
    0.8766, 0.879233333333333, 0.937366666666667, 0.937366666666667, 
    0.855933333333333, 0.843933333333333, 0.832566666666667, 
    0.822866666666667, 0.815666666666667, 0.809166666666667, 
    0.812233333333333, 0.811333333333333, 0.808233333333333, 
    0.805166666666667, 0.803433333333333, 0.8019, 0.800366666666667, 
    0.798233333333333),