df <-
structure(list(acc.mean = c(0.8432, 0.793833333333333, 0.9256, 
0.944033333333333, 0.828333333333333, 0.825666666666667, 0.937566666666667, 
0.939266666666667, 0.825666666666667, 0.8431, 0.851933333333333, 
0.8564, 0.8666, 0.881566666666667, 0.888, 0.890066666666667, 
0.8873, 0.89, 0.8995, 0.894666666666667, 0.898366666666667, 0.893533333333333, 
0.901466666666667, 0.900633333333333, 0.905233333333333, 0.905966666666667, 
0.9023, 0.898966666666667, 0.895866666666667, 0.900866666666667, 
0.903766666666667, 0.900233333333333, 0.901033333333333, 0.903066666666667, 
0.896933333333333, 0.9027, 0.901833333333333, 0.899133333333333, 
0.897733333333333, 0.902933333333333, 0.902333333333333, 0.904333333333333, 
0.9069, 0.900733333333333, 0.904866666666667, 0.895566666666667, 
0.899733333333333, 0.8989, 0.8989, 0.910433333333333, 0.9017, 
0.894633333333333, 0.896, 0.8968, 0.905333333333333, 0.895, 0.9013, 
0.9256, 0.9256, 0.824766666666667, 0.810266666666667, 0.807266666666667, 
0.804533333333333, 0.803366666666667, 0.7983, 0.7999, 0.802633333333333, 
0.8053, 0.802433333333333, 0.800266666666667, 0.796766666666667, 
0.7943, 0.793366666666667), acc.sd = c(0.0192898043464452, 0.00569986892367943, 
0.0130980388108165, 0.0104929642547077, 0.0106068726364766, 0.010577573326206, 
0.0159647960414055, 0.014299586040146, 0.010577573326206, 0.0117659649427696, 
0.0122585180330991, 0.0157996071535623, 0.0136093274302387, 0.0167510850566378, 
0.0149689333460084, 0.0160321516041195, 0.0165136307334275, 0.014241755025519, 
0.0142894945737214, 0.0144564347522868, 0.0142308148731555, 0.0161175281182841, 
0.0139079072853349, 0.0145352919696743, 0.0133123829658662, 0.0121015340530357, 
0.0138915752191379, 0.0149400718581417, 0.014966015140825, 0.0143304193776815, 
0.0163151787446925, 0.0147313490108055, 0.0140944678150154, 0.013741287730986, 
0.014046556415237, 0.0145273819935392, 0.0174377381745362, 0.0116551996190936, 
0.0159025769617062, 0.0149595623514569, 0.0118796648429831, 0.0134915895470381, 
0.0102733334079229, 0.0156512274132168, 0.0149036753933345, 0.0133898657852544, 
0.0148089752220212, 0.0105482471170038, 0.0140721049573628, 0.0131008905549712, 
0.0125647289582029, 0.0135658885935767, 0.0148880882726357, 0.0166886292075649, 
0.0140499928416557, 0.013452342444399, 0.0140102179460761, 0.0130980388108165, 
0.0130980388108165, 0.0101834325671934, 0.0109793955405924, 0.010487869292609, 
0.0103381894410743, 0.0132365307813806, 0.0113324374223304, 0.00983081011851042, 
0.0111586778766135, 0.0100005172280031, 0.0108490690315148, 0.0113439436472183, 
0.0108522469732225, 0.0101102542687763, 0.0106008566125356), 
    err.mean = c(0.1568, 0.206166666666667, 0.0744, 0.0559666666666667, 
    0.171666666666667, 0.174333333333333, 0.0624333333333333, 
    0.0607333333333333, 0.174333333333333, 0.1569, 0.148066666666667, 
    0.1436, 0.1334, 0.118433333333333, 0.112, 0.109933333333333, 
    0.112733333333333, 0.11, 0.1005, 0.105333333333333, 0.101633333333333, 
    0.106466666666667, 0.0985333333333333, 0.0993666666666667, 
    0.0947666666666667, 0.0940333333333333, 0.0977, 0.101033333333333, 
    0.104133333333333, 0.0991333333333333, 0.0962333333333333, 
    0.0997666666666667, 0.0989666666666667, 0.0969333333333333, 
    0.103066666666667, 0.0973, 0.0981666666666667, 0.1009, 0.102266666666667, 
    0.0970666666666667, 0.0976666666666667, 0.0956666666666667, 
    0.0931, 0.0992666666666667, 0.0951333333333333, 0.104433333333333, 
    0.100266666666667, 0.1011, 0.1011, 0.0895666666666667, 0.0983, 
    0.105366666666667, 0.104, 0.1032, 0.0946666666666667, 0.105, 
    0.0987, 0.0744, 0.0744, 0.175233333333333, 0.189733333333333, 
    0.192733333333333, 0.195466666666667, 0.196633333333333, 
    0.2017, 0.2001, 0.197366666666667, 0.1947, 0.197566666666667, 
    0.199733333333333, 0.203233333333333, 0.2057, 0.206633333333333
    ), err.sd = c(0.0192898043464452, 0.00569986892367942, 0.0130980388108165, 
    0.0104929642547078, 0.0106068726364766, 0.010577573326206, 
    0.0159647960414055, 0.0142995860401461, 0.010577573326206, 
    0.0117659649427696, 0.0122585180330991, 0.0157996071535623, 
    0.0136093274302387, 0.0167510850566378, 0.0149689333460084, 
    0.0160321516041195, 0.0165277892076331, 0.014241755025519, 
    0.0142894945737214, 0.0144564347522868, 0.0142308148731555, 
    0.0161175281182841, 0.0139079072853349, 0.0145352919696743, 
    0.0133123829658662, 0.0121015340530357, 0.0138915752191379, 
    0.0149400718581417, 0.014966015140825, 0.0143304193776815, 
    0.0163151787446924, 0.0147313490108055, 0.0140944678150154, 
    0.013741287730986, 0.014046556415237, 0.0145273819935392, 
    0.0174377381745362, 0.0117101488550273, 0.0159025769617062, 
    0.0149595623514569, 0.0118796648429831, 0.0134915895470381, 
    0.0102733334079229, 0.0156512274132168, 0.0149036753933345, 
    0.0133898657852544, 0.0148089752220212, 0.0105482471170038, 
    0.0140721049573628, 0.0131008905549712, 0.0125647289582029, 
    0.0135658885935767, 0.0148880882726357, 0.0166886292075648, 
    0.0140499928416556, 0.013452342444399, 0.0140102179460761, 
    0.0130980388108165, 0.0130980388108165, 0.0101834325671934, 
    0.0109793955405925, 0.010487869292609, 0.0103381894410743, 
    0.0132365307813806, 0.0113324374223304, 0.00983081011851042, 
    0.0111586778766135, 0.0100005172280031, 0.0108490690315149, 
    0.0113439436472183, 0.0108522469732225, 0.0101102542687763, 
    0.0106008566125356), prec.mean = c(0.8438, 0.7937, 0.9257, 
    0.944033333333333, 0.828866666666667, 0.830733333333333, 
    0.937133333333333, 0.9394, 0.830733333333333, 0.845233333333333, 
    0.855433333333333, 0.8591, 0.8692, 0.884666666666667, 0.8908, 
    0.892566666666667, 0.8894, 0.892233333333333, 0.902166666666667, 
    0.897366666666667, 0.900266666666667, 0.895933333333333, 
    0.903433333333333, 0.9028, 0.907333333333333, 0.907766666666667, 
    0.903833333333333, 0.900966666666667, 0.8979, 0.903, 0.905766666666667, 
    0.9022, 0.903, 0.905166666666667, 0.898766666666667, 0.9047, 
    0.904, 0.901, 0.899866666666667, 0.904866666666667, 0.9044, 
    0.906433333333333, 0.9089, 0.902933333333333, 0.906866666666667, 
    0.897833333333333, 0.901566666666667, 0.900866666666667, 
    0.900233333333333, 0.912333333333333, 0.903333333333333, 
    0.8967, 0.898233333333333, 0.8985, 0.907433333333333, 0.897333333333333, 
    0.9034, 0.9257, 0.9257, 0.830333333333333, 0.815166666666667, 
    0.811366666666667, 0.8091, 0.807433333333333, 0.802733333333333, 
    0.804933333333333, 0.8077, 0.810333333333333, 0.807566666666667, 
    0.805633333333333, 0.802233333333333, 0.799666666666667, 
    0.798666666666667),