exec <-
list(structure(list(accruacy = c(0.96, 0.96, 0.848, 0.84, 0.824, 
0.808, 0.804, 0.796), error = c(0.04, 0.04, 0.152, 0.16, 0.176, 
0.192, 0.196, 0.204), precision = c(0.961, 0.961, 0.856, 0.848, 
0.834, 0.818, 0.814, 0.805), recall = c(0.96, 0.96, 0.851, 0.844, 
0.829, 0.812, 0.811, 0.802), fscore = c(0.96, 0.96, 0.85, 0.842, 
0.824, 0.808, 0.804, 0.795), classifier = c("cl.nn.1", "cl.nn.3", 
"cl.nn.5", "cl.nn.7", "cl.nn.9", "cl.nn.11", "cl.nn.13", "cl.nn.15"
)), .Names = c("accruacy", "error", "precision", "recall", "fscore", 
"classifier"), row.names = c(NA, -8L), class = "data.frame"), 
    structure(list(accruacy = c(0.96, 0.96, 0.848, 0.84, 0.824, 
    0.808, 0.804, 0.796), error = c(0.04, 0.04, 0.152, 0.16, 
    0.176, 0.192, 0.196, 0.204), precision = c(0.961, 0.961, 
    0.856, 0.848, 0.834, 0.818, 0.814, 0.805), recall = c(0.96, 
    0.96, 0.851, 0.844, 0.829, 0.812, 0.811, 0.802), fscore = c(0.96, 
    0.96, 0.85, 0.842, 0.824, 0.808, 0.804, 0.795), classifier = c("cl.nn.1", 
    "cl.nn.3", "cl.nn.5", "cl.nn.7", "cl.nn.9", "cl.nn.11", "cl.nn.13", 
    "cl.nn.15")), .Names = c("accruacy", "error", "precision", 
    "recall", "fscore", "classifier"), row.names = c(NA, -8L), class = "data.frame"), 
    structure(list(accruacy = c(0.96, 0.96, 0.848, 0.84, 0.824, 
    0.808, 0.804, 0.796), error = c(0.04, 0.04, 0.152, 0.16, 
    0.176, 0.192, 0.196, 0.204), precision = c(0.961, 0.961, 
    0.856, 0.848, 0.834, 0.818, 0.814, 0.805), recall = c(0.96, 
    0.96, 0.851, 0.844, 0.829, 0.812, 0.811, 0.802), fscore = c(0.96, 
    0.96, 0.85, 0.842, 0.824, 0.808, 0.804, 0.795), classifier = c("cl.nn.1", 
    "cl.nn.3", "cl.nn.5", "cl.nn.7", "cl.nn.9", "cl.nn.11", "cl.nn.13", 
    "cl.nn.15")), .Names = c("accruacy", "error", "precision", 
    "recall", "fscore", "classifier"), row.names = c(NA, -8L), class = "data.frame"), 
    structure(list(accruacy = c(0.96, 0.96, 0.848, 0.84, 0.824, 
    0.808, 0.804, 0.796), error = c(0.04, 0.04, 0.152, 0.16, 
    0.176, 0.192, 0.196, 0.204), precision = c(0.961, 0.961, 
    0.856, 0.848, 0.834, 0.818, 0.814, 0.805), recall = c(0.96, 
    0.96, 0.851, 0.844, 0.829, 0.812, 0.811, 0.802), fscore = c(0.96, 
    0.96, 0.85, 0.842, 0.824, 0.808, 0.804, 0.795), classifier = c("cl.nn.1", 
    "cl.nn.3", "cl.nn.5", "cl.nn.7", "cl.nn.9", "cl.nn.11", "cl.nn.13", 
    "cl.nn.15")), .Names = c("accruacy", "error", "precision", 
    "recall", "fscore", "classifier"), row.names = c(NA, -8L), class = "data.frame"), 
    structure(list(accruacy = c(0.96, 0.96, 0.848, 0.84, 0.824, 
    0.808, 0.804, 0.796), error = c(0.04, 0.04, 0.152, 0.16, 
    0.176, 0.192, 0.196, 0.204), precision = c(0.961, 0.961, 
    0.856, 0.848, 0.834, 0.818, 0.814, 0.805), recall = c(0.96, 
    0.96, 0.851, 0.844, 0.829, 0.812, 0.811, 0.802), fscore = c(0.96, 
    0.96, 0.85, 0.842, 0.824, 0.808, 0.804, 0.795), classifier = c("cl.nn.1", 
    "cl.nn.3", "cl.nn.5", "cl.nn.7", "cl.nn.9", "cl.nn.11", "cl.nn.13", 
    "cl.nn.15")), .Names = c("accruacy", "error", "precision", 
    "recall", "fscore", "classifier"), row.names = c(NA, -8L), class = "data.frame"), 
    structure(list(accruacy = c(0.96, 0.96, 0.848, 0.84, 0.824, 
    0.808, 0.804, 0.796), error = c(0.04, 0.04, 0.152, 0.16, 
    0.176, 0.192, 0.196, 0.204), precision = c(0.961, 0.961, 
    0.856, 0.848, 0.834, 0.818, 0.814, 0.805), recall = c(0.96, 
    0.96, 0.851, 0.844, 0.829, 0.812, 0.811, 0.802), fscore = c(0.96, 
    0.96, 0.85, 0.842, 0.824, 0.808, 0.804, 0.795), classifier = c("cl.nn.1", 
    "cl.nn.3", "cl.nn.5", "cl.nn.7", "cl.nn.9", "cl.nn.11", "cl.nn.13", 
    "cl.nn.15")), .Names = c("accruacy", "error", "precision", 
    "recall", "fscore", "classifier"), row.names = c(NA, -8L), class = "data.frame"), 
    structure(list(accruacy = c(0.96, 0.96, 0.848, 0.84, 0.824, 
    0.808, 0.804, 0.796), error = c(0.04, 0.04, 0.152, 0.16, 
    0.176, 0.192, 0.196, 0.204), precision = c(0.961, 0.961, 
    0.856, 0.848, 0.834, 0.818, 0.814, 0.805), recall = c(0.96, 
    0.96, 0.851, 0.844, 0.829, 0.812, 0.811, 0.802), fscore = c(0.96, 
    0.96, 0.85, 0.842, 0.824, 0.808, 0.804, 0.795), classifier = c("cl.nn.1", 
    "cl.nn.3", "cl.nn.5", "cl.nn.7", "cl.nn.9", "cl.nn.11", "cl.nn.13", 
    "cl.nn.15")), .Names = c("accruacy", "error", "precision", 
    "recall", "fscore", "classifier"), row.names = c(NA, -8L), class = "data.frame"), 
    structure(list(accruacy = c(0.96, 0.96, 0.848, 0.84, 0.824, 
    0.808, 0.804, 0.796), error = c(0.04, 0.04, 0.152, 0.16, 
    0.176, 0.192, 0.196, 0.204), precision = c(0.961, 0.961, 
    0.856, 0.848, 0.834, 0.818, 0.814, 0.805), recall = c(0.96, 
    0.96, 0.851, 0.844, 0.829, 0.812, 0.811, 0.802), fscore = c(0.96, 
    0.96, 0.85, 0.842, 0.824, 0.808, 0.804, 0.795), classifier = c("cl.nn.1", 
    "cl.nn.3", "cl.nn.5", "cl.nn.7", "cl.nn.9", "cl.nn.11", "cl.nn.13", 
    "cl.nn.15")), .Names = c("accruacy", "error", "precision", 
    "recall", "fscore", "classifier"), row.names = c(NA, -8L), class = "data.frame"), 
    structure(list(accruacy = c(0.96, 0.96, 0.848, 0.84, 0.824, 
    0.808, 0.804, 0.796), error = c(0.04, 0.04, 0.152, 0.16, 
    0.176, 0.192, 0.196, 0.204), precision = c(0.961, 0.961, 
    0.856, 0.848, 0.834, 0.818, 0.814, 0.805), recall = c(0.96, 
    0.96, 0.851, 0.844, 0.829, 0.812, 0.811, 0.802), fscore = c(0.96, 
    0.96, 0.85, 0.842, 0.824, 0.808, 0.804, 0.795), classifier = c("cl.nn.1", 
    "cl.nn.3", "cl.nn.5", "cl.nn.7", "cl.nn.9", "cl.nn.11", "cl.nn.13", 
    "cl.nn.15")), .Names = c("accruacy", "error", "precision", 
    "recall", "fscore", "classifier"), row.names = c(NA, -8L), class = "data.frame"), 
    structure(list(accruacy = c(0.96, 0.96, 0.848, 0.84, 0.824, 
    0.808, 0.804, 0.796), error = c(0.04, 0.04, 0.152, 0.16, 
    0.176, 0.192, 0.196, 0.204), precision = c(0.961, 0.961, 
    0.856, 0.848, 0.834, 0.818, 0.814, 0.805), recall = c(0.96, 
    0.96, 0.851, 0.844, 0.829, 0.812, 0.811, 0.802), fscore = c(0.96, 
    0.96, 0.85, 0.842, 0.824, 0.808, 0.804, 0.795), classifier = c("cl.nn.1", 
    "cl.nn.3", "cl.nn.5", "cl.nn.7", "cl.nn.9", "cl.nn.11", "cl.nn.13", 
    "cl.nn.15")), .Names = c("accruacy", "error", "precision", 
    "recall", "fscore", "classifier"), row.names = c(NA, -8L), class = "data.frame"), 
    structure(list(accruacy = c(0.96, 0.96, 0.848, 0.84, 0.824, 
    0.808, 0.804, 0.796), error = c(0.04, 0.04, 0.152, 0.16, 
    0.176, 0.192, 0.196, 0.204), precision = c(0.961, 0.961, 
    0.856, 0.848, 0.834, 0.818, 0.814, 0.805), recall = c(0.96, 
    0.96, 0.851, 0.844, 0.829, 0.812, 0.811, 0.802), fscore = c(0.96, 
    0.96, 0.85, 0.842, 0.824, 0.808, 0.804, 0.795), classifier = c("cl.nn.1", 
    "cl.nn.3", "cl.nn.5", "cl.nn.7", "cl.nn.9", "cl.nn.11", "cl.nn.13", 
    "cl.nn.15")), .Names = c("accruacy", "error", "precision", 
    "recall", "fscore", "classifier"), row.names = c(NA, -8L), class = "data.frame"), 
    structure(list(accruacy = c(0.96, 0.96, 0.848, 0.84, 0.824, 
    0.808, 0.804, 0.796), error = c(0.04, 0.04, 0.152, 0.16, 
    0.176, 0.192, 0.196, 0.204), precision = c(0.961, 0.961, 
    0.856, 0.848, 0.834, 0.818, 0.814, 0.805), recall = c(0.96, 
    0.96, 0.851, 0.844, 0.829, 0.812, 0.811, 0.802), fscore = c(0.96, 
    0.96, 0.85, 0.842, 0.824, 0.808, 0.804, 0.795), classifier = c("cl.nn.1", 
    "cl.nn.3", "cl.nn.5", "cl.nn.7", "cl.nn.9", "cl.nn.11", "cl.nn.13", 
    "cl.nn.15")), .Names = c("accruacy", "error", "precision", 
    "recall", "fscore", "classifier"), row.names = c(NA, -8L), class = "data.frame"), 
    structure(list(accruacy = c(0.96, 0.96, 0.848, 0.84, 0.824, 
    0.808, 0.804, 0.796), error = c(0.04, 0.04, 0.152, 0.16, 
    0.176, 0.192, 0.196, 0.204), precision = c(0.961, 0.961, 
    0.856, 0.848, 0.834, 0.818, 0.814, 0.805), recall = c(0.96, 
    0.96, 0.851, 0.844, 0.829, 0.812, 0.811, 0.802), fscore = c(0.96, 
    0.96, 0.85, 0.842, 0.824, 0.808, 0.804, 0.795),