exit <-
structure(list(acc.mean = c(0.932333333333333, 0.932333333333333, 
0.8522, 0.837866666666667, 0.8209, 0.812833333333333, 0.808533333333333, 
0.8033), acc.sd = c(0.0170987665079071, 0.0170987665079071, 0.0138300023686654, 
0.0121987374511571, 0.010449715389624, 0.00899840343437796, 0.00921667653966562, 
0.0107995849217809), err.mean = c(0.0676666666666667, 0.0676666666666667, 
0.1478, 0.162133333333333, 0.1791, 0.187166666666667, 0.191466666666667, 
0.1967), err.sd = c(0.0170987665079079, 0.0170987665079079, 0.0138300023686637, 
0.0121987374511587, 0.0104497153896233, 0.00899840343437717, 
0.00921667653966329, 0.0107995849217809), prec.mean = c(0.9335, 
0.9335, 0.8589, 0.845466666666667, 0.8295, 0.821866666666667, 
0.817033333333333, 0.811533333333333), prec.sd = c(0.0163596433651406, 
0.0163596433651406, 0.0137473508419747, 0.0121363896618054, 0.0106212214376468, 
0.00929491271066777, 0.00927913244062393, 0.0108587588461202), 
    recall.mean = c(0.940166666666667, 0.940166666666667, 0.8647, 
    0.850666666666667, 0.837033333333333, 0.830666666666667, 
    0.826166666666667, 0.819966666666667), recall.sd = c(0.0146971339766074, 
    0.0146971339766074, 0.0136965890543635, 0.012282124193826, 
    0.0111029146012973, 0.0102126808710874, 0.0103826225287606, 
    0.012863965531495), fsc.mean = c(0.932066666666667, 0.932066666666667, 
    0.8522, 0.837633333333333, 0.819533333333333, 0.810966666666667, 
    0.806733333333333, 0.801433333333333), fsc.sds = c(0.0170413965214788, 
    0.0170413965214788, 0.0140132941806423, 0.0121072316187968, 
    0.0106049218675161, 0.00858018299513324, 0.00918369369507491, 
    0.0106372258936582), classifier = c("cl.nn.1", "cl.nn.3", 
    "cl.nn.5", "cl.nn.7", "cl.nn.9", "cl.nn.11", "cl.nn.13", 
    "cl.nn.15")), .Names = c("acc.mean", "acc.sd", "err.mean", 
"err.sd", "prec.mean", "prec.sd", "recall.mean", "recall.sd", 
"fsc.mean", "fsc.sds", "classifier"), row.names = c(NA, -8L), class = "data.frame")
