exec <-
list(structure(list(accruacy = c(0.916, 0.916, 0.816, 0.808, 
0.796, 0.792, 0.784, 0.776), error = c(0.084, 0.084, 0.184, 0.192, 
0.204, 0.208, 0.216, 0.224), precision = c(0.917, 0.917, 0.822, 
0.815, 0.805, 0.8, 0.793, 0.785), recall = c(0.928, 0.928, 0.836, 
0.824, 0.809, 0.806, 0.799, 0.789), fscore = c(0.916, 0.916, 
0.815, 0.808, 0.794, 0.791, 0.783, 0.776), classifier = c("cl.nn.1", 
"cl.nn.3", "cl.nn.5", "cl.nn.7", "cl.nn.9", "cl.nn.11", "cl.nn.13", 
"cl.nn.15")), .Names = c("accruacy", "error", "precision", "recall", 
"fscore", "classifier"), row.names = c(NA, -8L), class = "data.frame"), 
    structure(list(accruacy = c(0.937, 0.937, 0.869, 0.849, 0.832, 
    0.82, 0.812, 0.792), error = c(0.063, 0.063, 0.131, 0.151, 
    0.168, 0.18, 0.188, 0.208), precision = c(0.941, 0.941, 0.876, 
    0.858, 0.842, 0.829, 0.821, 0.8), recall = c(0.944, 0.944, 
    0.879, 0.857, 0.844, 0.83, 0.823, 0.804), fscore = c(0.937, 
    0.937, 0.87, 0.85, 0.833, 0.82, 0.812, 0.792), classifier = c("cl.nn.1", 
    "cl.nn.3", "cl.nn.5", "cl.nn.7", "cl.nn.9", "cl.nn.11", "cl.nn.13", 
    "cl.nn.15")), .Names = c("accruacy", "error", "precision", 
    "recall", "fscore", "classifier"), row.names = c(NA, -8L), class = "data.frame"), 
    structure(list(accruacy = c(0.952, 0.952, 0.863, 0.852, 0.831, 
    0.827, 0.812, 0.804), error = c(0.048, 0.048, 0.137, 0.148, 
    0.169, 0.173, 0.188, 0.196), precision = c(0.952, 0.952, 
    0.867, 0.857, 0.838, 0.835, 0.818, 0.809), recall = c(0.957, 
    0.957, 0.869, 0.858, 0.836, 0.833, 0.816, 0.807), fscore = c(0.952, 
    0.952, 0.861, 0.849, 0.828, 0.823, 0.807, 0.797), classifier = c("cl.nn.1", 
    "cl.nn.3", "cl.nn.5", "cl.nn.7", "cl.nn.9", "cl.nn.11", "cl.nn.13", 
    "cl.nn.15")), .Names = c("accruacy", "error", "precision", 
    "recall", "fscore", "classifier"), row.names = c(NA, -8L), class = "data.frame"), 
    structure(list(accruacy = c(0.952, 0.952, 0.873, 0.849, 0.824, 
    0.825, 0.817, 0.813), error = c(0.048, 0.048, 0.127, 0.151, 
    0.176, 0.175, 0.183, 0.187), precision = c(0.951, 0.951, 
    0.88, 0.856, 0.833, 0.835, 0.826, 0.822), recall = c(0.953, 
    0.953, 0.879, 0.856, 0.842, 0.847, 0.84, 0.836), fscore = c(0.951, 
    0.951, 0.875, 0.849, 0.822, 0.823, 0.816, 0.812), classifier = c("cl.nn.1", 
    "cl.nn.3", "cl.nn.5", "cl.nn.7", "cl.nn.9", "cl.nn.11", "cl.nn.13", 
    "cl.nn.15")), .Names = c("accruacy", "error", "precision", 
    "recall", "fscore", "classifier"), row.names = c(NA, -8L), class = "data.frame"), 
    structure(list(accruacy = c(0.913, 0.913, 0.833, 0.817, 0.798, 
    0.801, 0.801, 0.801), error = c(0.087, 0.087, 0.167, 0.183, 
    0.202, 0.199, 0.199, 0.199), precision = c(0.917, 0.917, 
    0.839, 0.824, 0.805, 0.809, 0.809, 0.808), recall = c(0.923, 
    0.923, 0.847, 0.832, 0.816, 0.822, 0.822, 0.817), fscore = c(0.913, 
    0.913, 0.834, 0.818, 0.797, 0.799, 0.799, 0.8), classifier = c("cl.nn.1", 
    "cl.nn.3", "cl.nn.5", "cl.nn.7", "cl.nn.9", "cl.nn.11", "cl.nn.13", 
    "cl.nn.15")), .Names = c("accruacy", "error", "precision", 
    "recall", "fscore", "classifier"), row.names = c(NA, -8L), class = "data.frame"), 
    structure(list(accruacy = c(0.921, 0.921, 0.833, 0.821, 0.816, 
    0.808, 0.808, 0.804), error = c(0.079, 0.079, 0.167, 0.179, 
    0.184, 0.192, 0.192, 0.196), precision = c(0.923, 0.923, 
    0.839, 0.828, 0.823, 0.816, 0.817, 0.812), recall = c(0.932, 
    0.932, 0.845, 0.833, 0.832, 0.822, 0.826, 0.822), fscore = c(0.922, 
    0.922, 0.83, 0.819, 0.814, 0.804, 0.804, 0.798), classifier = c("cl.nn.1", 
    "cl.nn.3", "cl.nn.5", "cl.nn.7", "cl.nn.9", "cl.nn.11", "cl.nn.13", 
    "cl.nn.15")), .Names = c("accruacy", "error", "precision", 
    "recall", "fscore", "classifier"), row.names = c(NA, -8L), class = "data.frame"), 
    structure(list(accruacy = c(0.944, 0.944, 0.852, 0.839, 0.812, 
    0.812, 0.812, 0.8), error = c(0.056, 0.056, 0.148, 0.161, 
    0.188, 0.188, 0.188, 0.2), precision = c(0.945, 0.945, 0.859, 
    0.848, 0.823, 0.823, 0.823, 0.81), recall = c(0.954, 0.954, 
    0.863, 0.852, 0.826, 0.828, 0.829, 0.815), fscore = c(0.944, 
    0.944, 0.853, 0.841, 0.811, 0.809, 0.809, 0.798), classifier = c("cl.nn.1", 
    "cl.nn.3", "cl.nn.5", "cl.nn.7", "cl.nn.9", "cl.nn.11", "cl.nn.13", 
    "cl.nn.15")), .Names = c("accruacy", "error", "precision", 
    "recall", "fscore", "classifier"), row.names = c(NA, -8L), class = "data.frame"), 
    structure(list(accruacy = c(0.929, 0.929, 0.856, 0.837, 0.821, 
    0.817, 0.793, 0.785), error = c(0.071, 0.071, 0.144, 0.163, 
    0.179, 0.183, 0.207, 0.215), precision = c(0.927, 0.927, 
    0.863, 0.844, 0.828, 0.825, 0.801, 0.792), recall = c(0.942, 
    0.942, 0.867, 0.848, 0.831, 0.832, 0.815, 0.802), fscore = c(0.926, 
    0.926, 0.856, 0.837, 0.821, 0.815, 0.792, 0.785), classifier = c("cl.nn.1", 
    "cl.nn.3", "cl.nn.5", "cl.nn.7", "cl.nn.9", "cl.nn.11", "cl.nn.13", 
    "cl.nn.15")), .Names = c("accruacy", "error", "precision", 
    "recall", "fscore", "classifier"), row.names = c(NA, -8L), class = "data.frame"), 
    structure(list(accruacy = c(0.932, 0.932, 0.836, 0.828, 0.819, 
    0.819, 0.823, 0.819), error = c(0.068, 0.068, 0.164, 0.172, 
    0.181, 0.181, 0.177, 0.181), precision = c(0.934, 0.934, 
    0.844, 0.836, 0.828, 0.828, 0.831, 0.827), recall = c(0.933, 
    0.933, 0.844, 0.836, 0.84, 0.839, 0.84, 0.838), fscore = c(0.931, 
    0.931, 0.837, 0.828, 0.819, 0.819, 0.824, 0.819), classifier = c("cl.nn.1", 
    "cl.nn.3", "cl.nn.5", "cl.nn.7", "cl.nn.9", "cl.nn.11", "cl.nn.13", 
    "cl.nn.15")), .Names = c("accruacy", "error", "precision", 
    "recall", "fscore", "classifier"), row.names = c(NA, -8L), class = "data.frame"), 
    structure(list(accruacy = c(0.921, 0.921, 0.859, 0.831, 0.819, 
    0.82, 0.808, 0.796), error = c(0.079, 0.079, 0.141, 0.169, 
    0.181, 0.18, 0.192, 0.204), precision = c(0.921, 0.921, 0.867, 
    0.84, 0.829, 0.83, 0.817, 0.805), recall = c(0.937, 0.937, 
    0.876, 0.843, 0.834, 0.839, 0.83, 0.819), fscore = c(0.92, 
    0.92, 0.859, 0.83, 0.817, 0.816, 0.805, 0.791), classifier = c("cl.nn.1", 
    "cl.nn.3", "cl.nn.5", "cl.nn.7", "cl.nn.9", "cl.nn.11", "cl.nn.13", 
    "cl.nn.15")), .Names = c("accruacy", "error", "precision", 
    "recall", "fscore", "classifier"), row.names = c(NA, -8L), class = "data.frame"), 
    structure(list(accruacy = c(0.952, 0.952, 0.872, 0.852, 0.827, 
    0.811, 0.803, 0.803), error = c(0.048, 0.048, 0.128, 0.148, 
    0.173, 0.189, 0.197, 0.197), precision = c(0.953, 0.953, 
    0.878, 0.86, 0.836, 0.821, 0.812, 0.812), recall = c(0.954, 
    0.954, 0.896, 0.874, 0.854, 0.838, 0.823, 0.823), fscore = c(0.952, 
    0.952, 0.872, 0.851, 0.826, 0.81, 0.803, 0.803), classifier = c("cl.nn.1", 
    "cl.nn.3", "cl.nn.5", "cl.nn.7", "cl.nn.9", "cl.nn.11", "cl.nn.13", 
    "cl.nn.15")), .Names = c("accruacy", "error", "precision", 
    "recall", "fscore", "classifier"), row.names = c(NA, -8L), class = "data.frame"), 
    structure(list(accruacy = c(0.905, 0.905, 0.842, 0.822, 0.802, 
    0.794, 0.79, 0.785), error = c(0.095, 0.095, 0.158, 0.178, 
    0.198, 0.206, 0.21, 0.215), precision = c(0.907, 0.907, 0.848, 
    0.83, 0.811, 0.803, 0.799, 0.795), recall = c(0.915, 0.915, 
    0.857, 0.836, 0.822, 0.81, 0.806, 0.796), fscore = c(0.905, 
    0.905, 0.843, 0.824, 0.804, 0.795, 0.79, 0.785), classifier = c("cl.nn.1", 
    "cl.nn.3", "cl.nn.5", "cl.nn.7", "cl.nn.9", "cl.nn.11", "cl.nn.13", 
    "cl.nn.15")), .Names = c("accruacy", "error", "precision", 
    "recall", "fscore", "classifier"), row.names = c(NA, -8L), class = "data.frame"), 
    structure(list(accruacy = c(0.936, 0.936, 0.864, 0.848, 0.836, 
    0.816, 0.812, 0.808), error = c(0.064, 0.064, 0.136, 0.152, 
    0.164, 0.184, 0.188, 0.192), precision = c(0.935, 0.935, 
    0.87, 0.855, 0.844, 0.825, 0.822, 0.817), recall = c(0.944, 
    0.944, 0.876, 0.861, 0.848, 0.834, 0.83, 0.825), fscore = c(0.935, 
    0.935, 0.864, 0.848, 0.836, 0.816, 0.811, 0.806),