exit <-
structure(list(acc.mean = c(0.713266666666667, 0.713266666666667, 
0.730766666666667, 0.745233333333333, 0.747466666666667, 0.7501, 
0.758166666666667, 0.759466666666667), acc.sd = c(0.0106833203328086, 
0.0106833203328086, 0.0111252534518458, 0.0123530907296436, 0.0108777955846602, 
0.0110993942052765, 0.0102050809972788, 0.00812715046696897), 
    err.mean = c(0.286733333333333, 0.286733333333333, 0.269233333333333, 
    0.254766666666667, 0.252533333333333, 0.2499, 0.241833333333333, 
    0.240533333333333), err.sd = c(0.0106833203328053, 0.0106833203328053, 
    0.0111252534518465, 0.0123530907296395, 0.0108777955846582, 
    0.0110993942052768, 0.0102050809972735, 0.00812715046696234
    ), prec.mean = c(0.719433333333333, 0.719433333333333, 0.7382, 
    0.752866666666667, 0.755133333333333, 0.757733333333333, 
    0.766566666666667, 0.767633333333333), prec.sd = c(0.0110162367106232, 
    0.0110162367106232, 0.0116867151220878, 0.0127812722191583, 
    0.0109062883895871, 0.0109982234720045, 0.0101834325671872, 
    0.00792413743084501), recall.mean = c(0.728533333333333, 
    0.728533333333333, 0.744966666666667, 0.760466666666667, 
    0.763833333333333, 0.766866666666667, 0.7773, 0.777533333333333
    ), recall.sd = c(0.00884632529722115, 0.00884632529722115, 
    0.0105028184504092, 0.0107758777011407, 0.0105244652033324, 
    0.0107406200724272, 0.0115703247056085, 0.0106826747694447
    ), fsc.mean = c(0.7136, 0.7136, 0.729966666666667, 0.744066666666667, 
    0.746166666666667, 0.748733333333333, 0.757466666666667, 
    0.758966666666667), fsc.sds = c(0.0105686589368772, 0.0105686589368772, 
    0.0115713180882213, 0.0127250318970743, 0.0109484161453579, 
    0.0110451528870723, 0.0103847810839268, 0.00863227038234926
    ), classifier = c("cl.nn.1", "cl.nn.3", "cl.nn.5", "cl.nn.7", 
    "cl.nn.9", "cl.nn.11", "cl.nn.13", "cl.nn.15")), .Names = c("acc.mean", 
"acc.sd", "err.mean", "err.sd", "prec.mean", "prec.sd", "recall.mean", 
"recall.sd", "fsc.mean", "fsc.sds", "classifier"), row.names = c(NA, 
-8L), class = "data.frame")
