exec <-
list(structure(list(accruacy = c(0.72, 0.72, 0.732, 0.752, 0.748, 
0.752, 0.764, 0.772), error = c(0.28, 0.28, 0.268, 0.248, 0.252, 
0.248, 0.236, 0.228), precision = c(0.727, 0.727, 0.74, 0.759, 
0.755, 0.759, 0.771, 0.779), recall = c(0.721, 0.721, 0.732, 
0.752, 0.75, 0.753, 0.767, 0.775), fscore = c(0.723, 0.723, 0.733, 
0.752, 0.749, 0.752, 0.765, 0.774), classifier = c("cl.nn.1", 
"cl.nn.3", "cl.nn.5", "cl.nn.7", "cl.nn.9", "cl.nn.11", "cl.nn.13", 
"cl.nn.15")), .Names = c("accruacy", "error", "precision", "recall", 
"fscore", "classifier"), row.names = c(NA, -8L), class = "data.frame"), 
    structure(list(accruacy = c(0.72, 0.72, 0.732, 0.752, 0.748, 
    0.752, 0.764, 0.772), error = c(0.28, 0.28, 0.268, 0.248, 
    0.252, 0.248, 0.236, 0.228), precision = c(0.727, 0.727, 
    0.74, 0.759, 0.755, 0.759, 0.771, 0.779), recall = c(0.721, 
    0.721, 0.732, 0.752, 0.75, 0.753, 0.767, 0.775), fscore = c(0.723, 
    0.723, 0.733, 0.752, 0.749, 0.752, 0.765, 0.774), classifier = c("cl.nn.1", 
    "cl.nn.3", "cl.nn.5", "cl.nn.7", "cl.nn.9", "cl.nn.11", "cl.nn.13", 
    "cl.nn.15")), .Names = c("accruacy", "error", "precision", 
    "recall", "fscore", "classifier"), row.names = c(NA, -8L), class = "data.frame"), 
    structure(list(accruacy = c(0.72, 0.72, 0.732, 0.752, 0.748, 
    0.752, 0.764, 0.772), error = c(0.28, 0.28, 0.268, 0.248, 
    0.252, 0.248, 0.236, 0.228), precision = c(0.727, 0.727, 
    0.74, 0.759, 0.755, 0.759, 0.771, 0.779), recall = c(0.721, 
    0.721, 0.732, 0.752, 0.75, 0.753, 0.767, 0.775), fscore = c(0.723, 
    0.723, 0.733, 0.752, 0.749, 0.752, 0.765, 0.774), classifier = c("cl.nn.1", 
    "cl.nn.3", "cl.nn.5", "cl.nn.7", "cl.nn.9", "cl.nn.11", "cl.nn.13", 
    "cl.nn.15")), .Names = c("accruacy", "error", "precision", 
    "recall", "fscore", "classifier"), row.names = c(NA, -8L), class = "data.frame"), 
    structure(list(accruacy = c(0.72, 0.72, 0.732, 0.752, 0.748, 
    0.752, 0.764, 0.772), error = c(0.28, 0.28, 0.268, 0.248, 
    0.252, 0.248, 0.236, 0.228), precision = c(0.727, 0.727, 
    0.74, 0.759, 0.755, 0.759, 0.771, 0.779), recall = c(0.721, 
    0.721, 0.732, 0.752, 0.75, 0.753, 0.767, 0.775), fscore = c(0.723, 
    0.723, 0.733, 0.752, 0.749, 0.752, 0.765, 0.774), classifier = c("cl.nn.1", 
    "cl.nn.3", "cl.nn.5", "cl.nn.7", "cl.nn.9", "cl.nn.11", "cl.nn.13", 
    "cl.nn.15")), .Names = c("accruacy", "error", "precision", 
    "recall", "fscore", "classifier"), row.names = c(NA, -8L), class = "data.frame"), 
    structure(list(accruacy = c(0.72, 0.72, 0.732, 0.752, 0.748, 
    0.752, 0.764, 0.772), error = c(0.28, 0.28, 0.268, 0.248, 
    0.252, 0.248, 0.236, 0.228), precision = c(0.727, 0.727, 
    0.74, 0.759, 0.755, 0.759, 0.771, 0.779), recall = c(0.721, 
    0.721, 0.732, 0.752, 0.75, 0.753, 0.767, 0.775), fscore = c(0.723, 
    0.723, 0.733, 0.752, 0.749, 0.752, 0.765, 0.774), classifier = c("cl.nn.1", 
    "cl.nn.3", "cl.nn.5", "cl.nn.7", "cl.nn.9", "cl.nn.11", "cl.nn.13", 
    "cl.nn.15")), .Names = c("accruacy", "error", "precision", 
    "recall", "fscore", "classifier"), row.names = c(NA, -8L), class = "data.frame"), 
    structure(list(accruacy = c(0.72, 0.72, 0.732, 0.752, 0.748, 
    0.752, 0.764, 0.772), error = c(0.28, 0.28, 0.268, 0.248, 
    0.252, 0.248, 0.236, 0.228), precision = c(0.727, 0.727, 
    0.74, 0.759, 0.755, 0.759, 0.771, 0.779), recall = c(0.721, 
    0.721, 0.732, 0.752, 0.75, 0.753, 0.767, 0.775), fscore = c(0.723, 
    0.723, 0.733, 0.752, 0.749, 0.752, 0.765, 0.774), classifier = c("cl.nn.1", 
    "cl.nn.3", "cl.nn.5", "cl.nn.7", "cl.nn.9", "cl.nn.11", "cl.nn.13", 
    "cl.nn.15")), .Names = c("accruacy", "error", "precision", 
    "recall", "fscore", "classifier"), row.names = c(NA, -8L), class = "data.frame"), 
    structure(list(accruacy = c(0.72, 0.72, 0.732, 0.752, 0.748, 
    0.752, 0.764, 0.772), error = c(0.28, 0.28, 0.268, 0.248, 
    0.252, 0.248, 0.236, 0.228), precision = c(0.727, 0.727, 
    0.74, 0.759, 0.755, 0.759, 0.771, 0.779), recall = c(0.721, 
    0.721, 0.732, 0.752, 0.75, 0.753, 0.767, 0.775), fscore = c(0.723, 
    0.723, 0.733, 0.752, 0.749, 0.752, 0.765, 0.774), classifier = c("cl.nn.1", 
    "cl.nn.3", "cl.nn.5", "cl.nn.7", "cl.nn.9", "cl.nn.11", "cl.nn.13", 
    "cl.nn.15")), .Names = c("accruacy", "error", "precision", 
    "recall", "fscore", "classifier"), row.names = c(NA, -8L), class = "data.frame"), 
    structure(list(accruacy = c(0.72, 0.72, 0.732, 0.752, 0.748, 
    0.752, 0.764, 0.772), error = c(0.28, 0.28, 0.268, 0.248, 
    0.252, 0.248, 0.236, 0.228), precision = c(0.727, 0.727, 
    0.74, 0.759, 0.755, 0.759, 0.771, 0.779), recall = c(0.721, 
    0.721, 0.732, 0.752, 0.75, 0.753, 0.767, 0.775), fscore = c(0.723, 
    0.723, 0.733, 0.752, 0.749, 0.752, 0.765, 0.774), classifier = c("cl.nn.1", 
    "cl.nn.3", "cl.nn.5", "cl.nn.7", "cl.nn.9", "cl.nn.11", "cl.nn.13", 
    "cl.nn.15")), .Names = c("accruacy", "error", "precision", 
    "recall", "fscore", "classifier"), row.names = c(NA, -8L), class = "data.frame"), 
    structure(list(accruacy = c(0.72, 0.72, 0.732, 0.752, 0.748, 
    0.752, 0.764, 0.772), error = c(0.28, 0.28, 0.268, 0.248, 
    0.252, 0.248, 0.236, 0.228), precision = c(0.727, 0.727, 
    0.74, 0.759, 0.755, 0.759, 0.771, 0.779), recall = c(0.721, 
    0.721, 0.732, 0.752, 0.75, 0.753, 0.767, 0.775), fscore = c(0.723, 
    0.723, 0.733, 0.752, 0.749, 0.752, 0.765, 0.774), classifier = c("cl.nn.1", 
    "cl.nn.3", "cl.nn.5", "cl.nn.7", "cl.nn.9", "cl.nn.11", "cl.nn.13", 
    "cl.nn.15")), .Names = c("accruacy", "error", "precision", 
    "recall", "fscore", "classifier"), row.names = c(NA, -8L), class = "data.frame"), 
    structure(list(accruacy = c(0.72, 0.72, 0.732, 0.752, 0.748, 
    0.752, 0.764, 0.772), error = c(0.28, 0.28, 0.268, 0.248, 
    0.252, 0.248, 0.236, 0.228), precision = c(0.727, 0.727, 
    0.74, 0.759, 0.755, 0.759, 0.771, 0.779), recall = c(0.721, 
    0.721, 0.732, 0.752, 0.75, 0.753, 0.767, 0.775), fscore = c(0.723, 
    0.723, 0.733, 0.752, 0.749, 0.752, 0.765, 0.774), classifier = c("cl.nn.1", 
    "cl.nn.3", "cl.nn.5", "cl.nn.7", "cl.nn.9", "cl.nn.11", "cl.nn.13", 
    "cl.nn.15")), .Names = c("accruacy", "error", "precision", 
    "recall", "fscore", "classifier"), row.names = c(NA, -8L), class = "data.frame"), 
    structure(list(accruacy = c(0.72, 0.72, 0.732, 0.752, 0.748, 
    0.752, 0.764, 0.772), error = c(0.28, 0.28, 0.268, 0.248, 
    0.252, 0.248, 0.236, 0.228), precision = c(0.727, 0.727, 
    0.74, 0.759, 0.755, 0.759, 0.771, 0.779), recall = c(0.721, 
    0.721, 0.732, 0.752, 0.75, 0.753, 0.767, 0.775), fscore = c(0.723, 
    0.723, 0.733, 0.752, 0.749, 0.752, 0.765, 0.774), classifier = c("cl.nn.1", 
    "cl.nn.3", "cl.nn.5", "cl.nn.7", "cl.nn.9", "cl.nn.11", "cl.nn.13", 
    "cl.nn.15")), .Names = c("accruacy", "error", "precision", 
    "recall", "fscore", "classifier"), row.names = c(NA, -8L), class = "data.frame"), 
    structure(list(accruacy = c(0.72, 0.72, 0.732, 0.752, 0.748, 
    0.752, 0.764, 0.772), error = c(0.28, 0.28, 0.268, 0.248, 
    0.252, 0.248, 0.236, 0.228), precision = c(0.727, 0.727, 
    0.74, 0.759, 0.755, 0.759, 0.771, 0.779), recall = c(0.721, 
    0.721, 0.732, 0.752, 0.75, 0.753, 0.767, 0.775), fscore = c(0.723, 
    0.723, 0.733, 0.752, 0.749, 0.752, 0.765, 0.774), classifier = c("cl.nn.1", 
    "cl.nn.3", "cl.nn.5", "cl.nn.7", "cl.nn.9", "cl.nn.11", "cl.nn.13", 
    "cl.nn.15")), .Names = c("accruacy", "error", "precision", 
    "recall", "fscore", "classifier"), row.names = c(NA, -8L), class = "data.frame"), 
    structure(list(accruacy = c(0.72, 0.72, 0.732, 0.752, 0.748, 
    0.752, 0.764, 0.772), error = c(0.28, 0.28, 0.268, 0.248, 
    0.252, 0.248, 0.236, 0.228), precision = c(0.727, 0.727, 
    0.74, 0.759, 0.755, 0.759, 0.771, 0.779), recall = c(0.721, 
    0.721, 0.732, 0.752, 0.75, 0.753, 0.767, 0.775), fscore = c(0.723, 
    0.723, 0.733, 0.752, 0.749, 0.752, 0.765, 0.774),