exec <-
list(structure(list(accruacy = c(0.709, 0.709, 0.729, 0.753, 
0.749, 0.753, 0.761, 0.761), error = c(0.291, 0.291, 0.271, 0.247, 
0.251, 0.247, 0.239, 0.239), precision = c(0.715, 0.715, 0.736, 
0.76, 0.755, 0.76, 0.768, 0.767), recall = c(0.719, 0.719, 0.739, 
0.764, 0.758, 0.759, 0.77, 0.771), fscore = c(0.709, 0.709, 0.728, 
0.752, 0.749, 0.752, 0.76, 0.761), classifier = c("cl.nn.1", 
"cl.nn.3", "cl.nn.5", "cl.nn.7", "cl.nn.9", "cl.nn.11", "cl.nn.13", 
"cl.nn.15")), .Names = c("accruacy", "error", "precision", "recall", 
"fscore", "classifier"), row.names = c(NA, -8L), class = "data.frame"), 
    structure(list(accruacy = c(0.717, 0.717, 0.745, 0.764, 0.76, 
    0.765, 0.769, 0.769), error = c(0.283, 0.283, 0.255, 0.236, 
    0.24, 0.235, 0.231, 0.231), precision = c(0.724, 0.724, 0.754, 
    0.773, 0.769, 0.772, 0.777, 0.777), recall = c(0.731, 0.731, 
    0.757, 0.77, 0.767, 0.774, 0.778, 0.782), fscore = c(0.718, 
    0.718, 0.745, 0.764, 0.76, 0.764, 0.769, 0.77), classifier = c("cl.nn.1", 
    "cl.nn.3", "cl.nn.5", "cl.nn.7", "cl.nn.9", "cl.nn.11", "cl.nn.13", 
    "cl.nn.15")), .Names = c("accruacy", "error", "precision", 
    "recall", "fscore", "classifier"), row.names = c(NA, -8L), class = "data.frame"), 
    structure(list(accruacy = c(0.704, 0.704, 0.728, 0.736, 0.744, 
    0.741, 0.753, 0.753), error = c(0.296, 0.296, 0.272, 0.264, 
    0.256, 0.259, 0.247, 0.247), precision = c(0.706, 0.706, 
    0.732, 0.74, 0.748, 0.744, 0.758, 0.758), recall = c(0.732, 
    0.732, 0.75, 0.76, 0.768, 0.768, 0.781, 0.773), fscore = c(0.699, 
    0.699, 0.726, 0.734, 0.742, 0.74, 0.751, 0.751), classifier = c("cl.nn.1", 
    "cl.nn.3", "cl.nn.5", "cl.nn.7", "cl.nn.9", "cl.nn.11", "cl.nn.13", 
    "cl.nn.15")), .Names = c("accruacy", "error", "precision", 
    "recall", "fscore", "classifier"), row.names = c(NA, -8L), class = "data.frame"), 
    structure(list(accruacy = c(0.7, 0.7, 0.723, 0.735, 0.755, 
    0.763, 0.771, 0.771), error = c(0.3, 0.3, 0.277, 0.265, 0.245, 
    0.237, 0.229, 0.229), precision = c(0.707, 0.707, 0.73, 0.743, 
    0.762, 0.77, 0.778, 0.778), recall = c(0.717, 0.717, 0.743, 
    0.753, 0.772, 0.781, 0.789, 0.79), fscore = c(0.701, 0.701, 
    0.726, 0.737, 0.754, 0.762, 0.771, 0.772), classifier = c("cl.nn.1", 
    "cl.nn.3", "cl.nn.5", "cl.nn.7", "cl.nn.9", "cl.nn.11", "cl.nn.13", 
    "cl.nn.15")), .Names = c("accruacy", "error", "precision", 
    "recall", "fscore", "classifier"), row.names = c(NA, -8L), class = "data.frame"), 
    structure(list(accruacy = c(0.723, 0.723, 0.743, 0.751, 0.76, 
    0.759, 0.763, 0.767), error = c(0.277, 0.277, 0.257, 0.249, 
    0.24, 0.241, 0.237, 0.233), precision = c(0.728, 0.728, 0.75, 
    0.758, 0.765, 0.765, 0.77, 0.775), recall = c(0.738, 0.738, 
    0.759, 0.767, 0.773, 0.775, 0.784, 0.789), fscore = c(0.723, 
    0.723, 0.744, 0.753, 0.76, 0.761, 0.766, 0.77), classifier = c("cl.nn.1", 
    "cl.nn.3", "cl.nn.5", "cl.nn.7", "cl.nn.9", "cl.nn.11", "cl.nn.13", 
    "cl.nn.15")), .Names = c("accruacy", "error", "precision", 
    "recall", "fscore", "classifier"), row.names = c(NA, -8L), class = "data.frame"), 
    structure(list(accruacy = c(0.712, 0.712, 0.747, 0.747, 0.743, 
    0.751, 0.775, 0.768), error = c(0.288, 0.288, 0.253, 0.253, 
    0.257, 0.249, 0.225, 0.232), precision = c(0.719, 0.719, 
    0.757, 0.758, 0.753, 0.762, 0.786, 0.777), recall = c(0.725, 
    0.725, 0.755, 0.76, 0.754, 0.764, 0.796, 0.786), fscore = c(0.713, 
    0.713, 0.746, 0.746, 0.74, 0.749, 0.776, 0.769), classifier = c("cl.nn.1", 
    "cl.nn.3", "cl.nn.5", "cl.nn.7", "cl.nn.9", "cl.nn.11", "cl.nn.13", 
    "cl.nn.15")), .Names = c("accruacy", "error", "precision", 
    "recall", "fscore", "classifier"), row.names = c(NA, -8L), class = "data.frame"), 
    structure(list(accruacy = c(0.696, 0.696, 0.716, 0.736, 0.74, 
    0.74, 0.752, 0.76), error = c(0.304, 0.304, 0.284, 0.264, 
    0.26, 0.26, 0.248, 0.24), precision = c(0.701, 0.701, 0.723, 
    0.744, 0.749, 0.749, 0.762, 0.769), recall = c(0.714, 0.714, 
    0.737, 0.751, 0.755, 0.754, 0.781, 0.788), fscore = c(0.693, 
    0.693, 0.715, 0.735, 0.738, 0.737, 0.748, 0.757), classifier = c("cl.nn.1", 
    "cl.nn.3", "cl.nn.5", "cl.nn.7", "cl.nn.9", "cl.nn.11", "cl.nn.13", 
    "cl.nn.15")), .Names = c("accruacy", "error", "precision", 
    "recall", "fscore", "classifier"), row.names = c(NA, -8L), class = "data.frame"), 
    structure(list(accruacy = c(0.712, 0.712, 0.724, 0.752, 0.752, 
    0.744, 0.76, 0.76), error = c(0.288, 0.288, 0.276, 0.248, 
    0.248, 0.256, 0.24, 0.24), precision = c(0.72, 0.72, 0.733, 
    0.763, 0.762, 0.753, 0.769, 0.769), recall = c(0.723, 0.723, 
    0.731, 0.768, 0.766, 0.755, 0.772, 0.778), fscore = c(0.715, 
    0.715, 0.726, 0.752, 0.751, 0.742, 0.759, 0.761), classifier = c("cl.nn.1", 
    "cl.nn.3", "cl.nn.5", "cl.nn.7", "cl.nn.9", "cl.nn.11", "cl.nn.13", 
    "cl.nn.15")), .Names = c("accruacy", "error", "precision", 
    "recall", "fscore", "classifier"), row.names = c(NA, -8L), class = "data.frame"), 
    structure(list(accruacy = c(0.703, 0.703, 0.72, 0.744, 0.748, 
    0.756, 0.752, 0.755), error = c(0.297, 0.297, 0.28, 0.256, 
    0.252, 0.244, 0.248, 0.245), precision = c(0.709, 0.709, 
    0.727, 0.75, 0.756, 0.764, 0.76, 0.765), recall = c(0.718, 
    0.718, 0.732, 0.756, 0.768, 0.773, 0.766, 0.772), fscore = c(0.707, 
    0.707, 0.721, 0.744, 0.75, 0.757, 0.751, 0.755), classifier = c("cl.nn.1", 
    "cl.nn.3", "cl.nn.5", "cl.nn.7", "cl.nn.9", "cl.nn.11", "cl.nn.13", 
    "cl.nn.15")), .Names = c("accruacy", "error", "precision", 
    "recall", "fscore", "classifier"), row.names = c(NA, -8L), class = "data.frame"), 
    structure(list(accruacy = c(0.716, 0.716, 0.729, 0.741, 0.749, 
    0.757, 0.76, 0.772), error = c(0.284, 0.284, 0.271, 0.259, 
    0.251, 0.243, 0.24, 0.228), precision = c(0.721, 0.721, 0.735, 
    0.748, 0.756, 0.764, 0.767, 0.779), recall = c(0.737, 0.737, 
    0.742, 0.755, 0.765, 0.771, 0.78, 0.794), fscore = c(0.719, 
    0.719, 0.731, 0.742, 0.75, 0.756, 0.76, 0.773), classifier = c("cl.nn.1", 
    "cl.nn.3", "cl.nn.5", "cl.nn.7", "cl.nn.9", "cl.nn.11", "cl.nn.13", 
    "cl.nn.15")), .Names = c("accruacy", "error", "precision", 
    "recall", "fscore", "classifier"), row.names = c(NA, -8L), class = "data.frame"), 
    structure(list(accruacy = c(0.712, 0.712, 0.703, 0.719, 0.735, 
    0.747, 0.747, 0.755), error = c(0.288, 0.288, 0.297, 0.281, 
    0.265, 0.253, 0.253, 0.245), precision = c(0.718, 0.718, 
    0.709, 0.726, 0.742, 0.754, 0.755, 0.764), recall = c(0.726, 
    0.726, 0.719, 0.737, 0.751, 0.766, 0.764, 0.772), fscore = c(0.713, 
    0.713, 0.701, 0.718, 0.735, 0.746, 0.746, 0.754), classifier = c("cl.nn.1", 
    "cl.nn.3", "cl.nn.5", "cl.nn.7", "cl.nn.9", "cl.nn.11", "cl.nn.13", 
    "cl.nn.15")), .Names = c("accruacy", "error", "precision", 
    "recall", "fscore", "classifier"), row.names = c(NA, -8L), class = "data.frame"), 
    structure(list(accruacy = c(0.725, 0.725, 0.737, 0.761, 0.757, 
    0.761, 0.76, 0.76), error = c(0.275, 0.275, 0.263, 0.239, 
    0.243, 0.239, 0.24, 0.24), precision = c(0.732, 0.732, 0.745, 
    0.769, 0.765, 0.768, 0.769, 0.769), recall = c(0.738, 0.738, 
    0.746, 0.772, 0.769, 0.77, 0.772, 0.774), fscore = c(0.727, 
    0.727, 0.739, 0.762, 0.758, 0.759, 0.76, 0.761), classifier = c("cl.nn.1", 
    "cl.nn.3", "cl.nn.5", "cl.nn.7", "cl.nn.9", "cl.nn.11", "cl.nn.13", 
    "cl.nn.15")), .Names = c("accruacy", "error", "precision", 
    "recall", "fscore", "classifier"), row.names = c(NA, -8L), class = "data.frame"), 
    structure(list(accruacy = c(0.708, 0.708, 0.716, 0.728, 0.736, 
    0.744, 0.76, 0.768), error = c(0.292, 0.292, 0.284, 0.272, 
    0.264, 0.256, 0.24, 0.232), precision = c(0.715, 0.715, 0.724, 
    0.736, 0.744, 0.753, 0.769, 0.777), recall = c(0.729, 0.729, 
    0.736, 0.747, 0.766, 0.775, 0.792, 0.797), fscore = c(0.708, 
    0.708, 0.711, 0.724, 0.731, 0.741, 0.758, 0.767),